t,vEgo,aEgo,roll,targetLateralAcceleration,steerCommand
0.0,2.5475544929504395,0.5199978351593018,0.0019526837859302,0.6678926200347891,-0.5038559970758424
0.1000000000003638,2.611688725969006,0.608951176623324,0.0019526837859302,0.5896417200025666,-0.4503400570198944
0.2000000000007276,2.697362454510864,0.7727419630869561,0.0019526837859302,0.5224756834859038,-0.40355848950214757
0.3000000000010914,2.791897906549456,0.8859224599016952,0.0019526837859302,0.455804989593807,-0.35643893625637885
0.4000000000014552,2.903719304576052,1.048419185366699,0.0019526837859302,0.3947272492977227,-0.3127259961237404
0.500000000001819,3.022044378520128,1.1297502616666304,0.0023102592703593,0.3446321055340594,-0.273984225440023
0.6000000000021828,3.14648828623236,1.2032899031072877,0.0030413689749454,0.2894453814812474,-0.22854925672987209
0.7000000000025466,3.3039575718767877,1.453335969369072,0.0037724786795314,0.2017503670360069,-0.15881511272194043
0.8000000000029104,3.4867436887261545,1.6953625019639107,0.0061342783071076,0.0689837195580595,-0.0431403686566361
0.9000000000032742,3.679057218174152,1.8482968570944016,0.0085504637368131,-0.1085934205729529,0.10652605287896834
1.000000000003638,3.868602661169619,1.877647371159417,0.0100671483383749,-0.2837289112280328,0.24611419407244237
1.1000000000040018,4.038568534308534,1.7579260707126363,0.0105618816170851,-0.4467069602090898,0.36640057165452194
1.2000000000043656,4.20172472873343,1.6750165265877883,0.0110566148957954,-0.5919725875089313,0.47054556573538764
1.3000000000047294,4.337744858397218,1.465676555778769,0.0110606011003255,-0.6771304331443854,0.5278590634002343
1.4000000000050932,4.444993049233704,1.212205663531683,0.0110606011003255,-0.6950555076207362,0.5396528496292192
1.500000000005457,4.527012206815102,0.9395778273362146,0.0110606011003255,-0.6983139889430132,0.5417196187764352
1.6000000000058208,4.554151893618968,0.5041152227881303,0.0110606011003255,-0.6996868173114545,0.5425978437950838
1.7000000000061846,4.551035040284204,0.1373418826242277,0.0110606011003255,-0.7013137973548857,0.5436776348076116
1.8000000000065484,4.572764649379521,0.1294876358735693,0.0110606011003255,-0.7130200031946209,0.551381677757564
1.900000000006912,4.566581357550222,0.0078766911780569,0.0110606011003255,-0.705476148732068,0.5464112833262964
2.000000000007276,4.551749062436567,-0.1119916663335917,0.0110606011003255,-0.6912745294049879,0.5370273248987062
2.10000000000764,4.5340334904093975,-0.1388105179385882,0.0110606011003255,-0.6686606865855886,0.5219969569709423
2.200000000008004,4.505454287723263,-0.2492264375978066,0.0110606011003255,-0.6388429323514828,0.5020342866760037
2.300000000008368,4.376485555574738,-1.097494843276526,0.0110606011003255,-0.5798017427203837,0.4620900170743628
2.400000000008731,4.310355196462817,-0.7916384664604247,0.0110606011003255,-0.5479773817013361,0.4402944348349519
2.500000000009095,4.23972038998575,-0.8156373356713309,0.0110606011003255,-0.5296948314482525,0.4277226107247196
2.6000000000094587,4.128341273665739,-0.9935828761937416,0.0110606011003255,-0.4931017154078853,0.40236154764936927
2.7000000000098225,4.033391585006739,-0.9599078742863392,0.0110606011003255,-0.4492307607416533,0.3716392059999853
2.8000000000101863,3.928992379592288,-1.0228344824364852,0.0110606011003255,-0.4197589197837217,0.3508654397260175
2.90000000001055,3.813696785607976,-1.124643325366277,0.0110606011003255,-0.395225786259357,0.3334940655435007
3.000000000010914,3.693745565057484,-1.1613989240945046,0.0110606011003255,-0.3725909442355557,0.3173980274173133
3.1000000000112777,3.578751172208346,-1.127603592953325,0.0110606011003255,-0.3501646175979436,0.30137633711712297
3.200000000011641,3.493838703179081,-0.9363400580536908,0.0110606011003255,-0.3321992393285667,0.2884880653740877
3.3000000000120053,3.4202322000532748,-0.7884963412776176,0.0110606011003255,-0.3221010139722666,0.28124025531956487
3.400000000012369,3.383813050010196,-0.5184537418954733,0.0110606011003255,-0.325779443996966,0.2839191151619723
3.500000000012733,3.353250977488908,-0.380201564394439,0.0110606011003255,-0.3423271319318743,0.29587431615339643
3.6000000000130967,3.3107019142501515,-0.4128383973919193,0.0110606011003255,-0.3681849290456409,0.31449018748385577
3.700000000013461,3.2950222153670423,-0.2419384520232003,0.0110606011003255,-0.4062184460549585,0.34169152012766524
3.800000000013824,3.264867763908088,-0.3318546895581643,0.0110606011003255,-0.4409874359139202,0.366401736270835
3.900000000014188,3.240811307909784,-0.2546293977851151,0.0110606011003255,-0.4746492719274797,0.3901593089854716
4.000000000014552,3.256379215288478,-0.0041320572868672,0.0110606011003255,-0.5170362353981452,0.4197940842568269
4.100000000014916,3.253594285848376,-0.0320486779459025,0.0110606011003255,-0.5543529302821343,0.4456596644601669
4.20000000001528,3.2469803884794874,-0.0514691903324523,0.0110606011003255,-0.5939064842654249,0.47282345186635044
4.300000000015643,3.265602490571108,0.1082847960668628,0.0110606011003255,-0.6552398822065314,0.5143656586724633
4.400000000016007,3.311832433953414,0.3122722719323563,0.0110606011003255,-0.7328166274964953,0.5658622840419765
4.500000000016371,3.3514560712739154,0.3493554359108751,0.0110606011003255,-0.8037292254734457,0.6118763434487198
4.600000000016735,3.413466284954547,0.524437375782372,0.0110606011003255,-0.8809768682662422,0.6607607128304507
4.7000000000170985,3.48103386023462,0.6190676588667409,0.0110606011003255,-0.9548874985470368,0.7062836107684919
4.800000000017462,3.5495572011607384,0.6616708916907897,0.0110606011003255,-1.0291276175861177,0.7507496599831268
4.900000000017826,3.64791852471556,0.8792541091866266,0.0110606011003255,-1.109516403723764,0.7974025060066435
5.00000000001819,3.761175319124576,1.042053876576059,0.0110606011003255,-1.1938197797978165,0.8446519742412003
5.100000000018554,3.880661187464191,1.1400928142670803,0.0110606011003255,-1.2877813539738443,0.8953076147837946
5.2000000000189175,4.001689245003308,1.171776347057683,0.0110606011003255,-1.3736052536733094,0.9396924704241207
5.300000000019281,4.110806371130048,1.114608402540165,0.0110606011003255,-1.447777813645075,0.9766185474445022
5.400000000019645,4.22915082593375,1.172509571736161,0.0110606011003255,-1.528031164505422,1.015100670706945
5.500000000020009,4.338155983884818,1.1137417718966125,0.0110606011003255,-1.6001496010945926,1.048392660816165
5.600000000020373,4.457324343508267,1.1655570839042169,0.0110606011003255,-1.674977893953354,1.0816627178131495
5.7000000000207365,4.571229843656428,1.119476295379987,0.0110606011003255,-1.7430155854408265,1.1108117497962398
5.8000000000211,4.6628873885465,0.9918643048904452,0.0110606011003255,-1.7959418184297231,1.1327783772479103
5.900000000021464,4.755133325332354,0.9491563420574028,0.0110606011003255,-1.8535192397031288,1.156012407451176
6.000000000021828,4.852768082490663,0.9652977821539016,0.0110606011003255,-1.9098192051657013,1.1780436961201
6.100000000022192,4.966771294147953,1.0794382138601526,0.0110606011003255,-1.9538125719180488,1.1947162459061067
6.200000000022556,5.090920982678247,1.1795069294413902,0.0110606011003255,-1.9821737747340984,1.2051323387963784
6.300000000022919,5.214706054806488,1.2023565575041943,0.0110606011003255,-1.9825899215279807,1.2049810099687739
6.400000000023283,5.318303047075253,1.104788084505133,0.0110606011003255,-1.9594928373520315,1.196009856928936
6.500000000023647,5.415882596973264,1.0015858600759755,0.0110606011003255,-1.9009932099164284,1.1732333106123811
6.600000000024011,5.482173821774549,0.7869141687937381,0.0110606011003255,-1.7759130727496828,1.122558778433507
6.700000000024375,5.559250161576798,0.7746013349080285,0.0110606011003255,-1.682944032425785,1.0826959733026709
6.800000000024738,5.645155622703241,0.8329323853194431,0.0110606011003255,-1.6164338578605422,1.0529563532186734
6.900000000025102,5.715439403476173,0.719937119755234,0.0110606011003255,-1.6138348648231604,1.051629473084181
7.000000000025466,5.790456708167676,0.8353103918626883,0.0110606011003255,-1.6543370438160463,1.069595874287757
7.10000000002583,5.873782708341501,0.8039613510047863,0.0110606011003255,-1.686598979851697,1.0835896975247326
7.2000000000261934,5.925181894299198,0.6214971472023371,0.0110606011003255,-1.6516273291285162,1.0680982051216623
7.300000000026557,6.009688165032767,0.7215292008201543,0.0110606011003255,-1.6156721534929397,1.0518227235266966
7.400000000026921,6.079144548265665,0.7055671806615392,0.0110606011003255,-1.5553635323723307,1.0240352566279665
7.500000000027285,6.169163843837214,0.8450990367328582,0.0110606011003255,-1.4927878379624475,0.9942973504108504
7.600000000027649,6.2616762993626205,0.8830272491081661,0.0110606011003255,-1.4317025785863533,0.9643950398002902
7.700000000028012,6.339842324520933,0.8293338608268798,0.0110606011003255,-1.3994382217278043,0.9481966027387901
7.800000000028376,6.409466296653152,0.7612804529770155,0.0110606011003255,-1.4093291291164085,0.953004391133353
7.90000000002874,6.509301542517683,0.9075225708124404,0.0110606011003255,-1.381376059072966,0.9387812794595193
8.000000000029104,6.584297147022583,0.8031191399468485,0.0110606011003255,-1.2960763315272408,0.894697719388355
8.100000000029468,6.640602731308619,0.6468458750560272,0.0110606011003255,-1.2024405188522895,0.84438163417561
8.200000000029831,6.726119716332186,0.7837439612656494,0.0110606011003255,-1.114622756622382,0.7952628646040554
8.300000000030195,6.788227059218379,0.6714148325903105,0.0110606011003255,-1.051378008249375,0.7587766006659824
8.400000000030559,6.851631898952836,0.6608844903320817,0.0110606011003255,-1.0283219085750004,0.7451840799301476
8.500000000030923,6.934960716404352,0.7579782714947516,0.010966158421147,-0.9919497350315752,0.7229721295557587
8.600000000031287,7.023252111176922,0.8419522715402374,0.0107729457205568,-0.906071692252656,0.66963671536182
8.70000000003165,7.110651130618568,0.8486434412311681,0.0105797330199665,-0.8253398775707244,0.6178894397185468
8.800000000032014,7.175786354274543,0.7168786006079318,0.0116597317758627,-0.7409355168505434,0.5704747183953577
8.900000000032378,7.220548859049681,0.5270619930645752,0.012812819882795,-0.642470615988269,0.5131337229913682
9.000000000032742,7.248063992241441,0.3615571503020067,0.0143307977157321,-0.5589326685774202,0.4669780167684666
9.100000000033106,7.283533606401509,0.3571400776613031,0.01628564570493,-0.4623967557232378,0.4139857890164659
9.20000000003347,7.329962719684339,0.4379227055631483,0.0182404936941279,-0.3653026572000766,0.35965383105613785
9.300000000033831,7.391203588667729,0.514974854764678,0.0189905229194313,-0.3203084220986678,0.3330745908453112
9.400000000034195,7.445690149328568,0.5338587244705919,0.0196605564354144,-0.309820935102189,0.33026625445811014
9.50000000003456,7.4812226698789885,0.4309001487179635,0.0198554368821444,-0.2948187081473947,0.3209641368920568
9.600000000034925,7.528018496127052,0.4412265294747073,0.0194963753433496,-0.2686438875691025,0.2998082501306882
9.700000000035288,7.560919424624896,0.3792069560681421,0.0191373138045548,-0.265519008832361,0.295045494756852
9.800000000035652,7.597107209282934,0.3768981320132984,0.0190212491737403,-0.2710054268620535,0.29812638819102033
9.900000000036016,7.623670199721804,0.2934761158544238,0.0189102851321445,-0.2740375638823204,0.2994964407517523
10.00000000003638,7.652929886962244,0.2984884378675853,0.0186814838841284,-0.2779509927322198,
10.100000000036744,7.67933930248349,0.2647042930069531,0.0183134570273178,-0.2799543502918687,
10.200000000037107,7.7136746875501885,0.3222881783989049,0.0179454301705072,-0.2823764927038232,
10.300000000037471,7.747864673068681,0.3321515292490201,0.0173251582070434,-0.2835225087470185,
10.400000000037837,7.766864694717137,0.2335745512103258,0.0166939067755189,-0.2728642577929419,
10.5000000000382,7.795151391932034,0.282194958478155,0.0159464224945954,-0.2580111772789687,
10.600000000038564,7.82403917531023,0.2579142371968118,0.0150651077058332,-0.2168480531866889,
10.700000000038926,7.842603437175937,0.2211900464685406,0.014183792917071,-0.1794643013201103,
10.80000000003929,7.880170672302858,0.327065071332374,0.0139221674113707,-0.1686277628730776,
10.900000000039654,7.909063777481058,0.2977770373740586,0.0137029020029127,-0.1505603101405392,
11.000000000040018,7.935423170361956,0.2722423504976089,0.0137350006728207,-0.1330926873520562,
11.100000000040382,7.945054737276985,0.1465703290422346,0.0140522092662649,-0.1207425814884939,
11.200000000040744,7.974465325206455,0.2386305418773986,0.014369417859709,-0.1165700407384157,
11.30000000004111,8.008002318607828,0.2928811975823375,0.014852855897669,-0.1159201107386057,
11.400000000041471,8.016928385974419,0.1745955753237804,0.0153446360853343,-0.1139989017038573,
11.500000000041837,8.00895844918524,0.0040254132472373,0.0153434959187747,-0.0559877295298669,
11.6000000000422,7.995388269407208,-0.1125967231382278,0.0147836379990965,-0.0231116957148782,
11.700000000042564,7.972124179897713,-0.1685964350866749,0.0142237800794182,-0.019132950531815,
11.800000000042928,7.970545203899332,-0.061281321766906,0.0137157867241041,-0.0012743487943084,
11.900000000043292,7.9617784689082525,-0.0989948083085186,0.0132106152431439,0.0081620676111664,
12.000000000043656,7.923813425608206,-0.26545236462199,0.0130197010543796,0.0120013522623654,
12.10000000004402,7.893371944697576,-0.3120610883440151,0.0131902161623596,0.0112341205900822,
12.200000000044383,7.8497562676835475,-0.3822911246682062,0.0133607312703397,0.0101231835624084,
12.300000000044747,7.825211389876802,-0.3042148449433663,0.0132425769628265,0.0089269737818318,
12.400000000045113,7.781538117771244,-0.3863560285085047,0.0131140544778493,0.0084447350580332,
12.500000000045477,7.745239547373179,-0.3757020832846795,0.0130776048664541,0.0080592074212336,
12.60000000004584,7.696539318345805,-0.4643860698460627,0.01314813015018,0.0084356910638794,
12.700000000046202,7.65939246698179,-0.4007571831559242,0.0132186554339058,0.0082492130977167,
12.800000000046566,7.617990734883371,-0.4156159106902956,0.0117789433516561,0.0076786356468537,
12.90000000004693,7.561340410515998,-0.4867725212399152,0.0102136886751312,0.0059428316424075,
13.000000000047294,7.535017873614789,-0.3452784311067931,0.0084123098340496,0.0041426632501759,
13.100000000047658,7.498260511198258,-0.3680177770827785,0.0063423332969154,0.0036363527855936,
13.20000000004802,7.466521464464794,-0.3408355114811908,0.0042723567597812,0.002193169399418,
13.300000000048383,7.4154487734396515,-0.4674442022394522,0.0021612987816043,-0.0002628643347514,
13.400000000048747,7.361421396669324,-0.4789699725547709,4.746934914001059e-05,-0.0022602127339232,
13.500000000049113,7.305620722846911,-0.5477664794293263,-0.0013153242354748,-0.0002649324083691,
13.600000000049477,7.23280779413682,-0.7329143071510581,-0.0018128571340496,0.0077364108750366,
13.70000000004984,7.168375961976019,-0.6780736591778713,-0.0023103900326244,0.0308056922301829,
13.800000000050204,7.119822730671001,-0.5514078609781269,-0.0034091214214749,0.0388968653471628,
13.900000000050568,7.072148819666799,-0.524168540879432,-0.0045341261996097,0.0475796176454395,
14.000000000050932,7.080797090321301,-0.2515021853009235,-0.0042480879545662,0.0431538165279212,
14.100000000051296,7.014965937897358,-0.5098310761583265,-0.0023439899280744,0.0443731527708111,
14.20000000005166,6.965065043009899,-0.4842233999827297,-0.0004398919015827,0.0548935572305325,
14.300000000052025,6.992035521777212,-0.0652381313400585,0.0029227369590397,0.0486566725087355,
14.400000000052389,7.022430918655129,0.1477007379473563,0.006342399906573,0.0415227394575214,
14.50000000005275,6.977566374697684,-0.2381115556755305,0.0099534131789968,0.0851246593597218,
14.600000000053114,6.955570241620456,-0.229818810808426,0.0137825065561222,0.2059409792847052,
14.700000000053478,6.949952292700325,-0.12370896886753,0.0176115999332476,0.27776605977562,
14.800000000053842,6.926837109782257,-0.210376607799028,0.0216909952870043,0.2660215872920157,
14.900000000054206,6.908833910288834,-0.1669516291182647,0.0257794766355227,0.221249456912354,
15.00000000005457,6.88041319889988,-0.2415360580391918,0.0284829312598274,0.1899332096076048,
15.100000000054932,6.865659751477475,-0.1664036815553148,0.029578745619003,0.171462420933722,
15.200000000055296,6.854814323828626,-0.1255459613169114,0.0306745599781786,0.1530758564203734,
15.30000000005566,6.815854001822199,-0.2693293913314139,0.0303879539869366,0.1257490854735015,
15.400000000056025,6.767576832591382,-0.4191052443134047,0.0300434166929104,0.1005930600529931,
15.500000000056389,6.711469263980768,-0.4972637686703139,0.0288038145763953,0.0789855994049989,
15.600000000056752,6.657841344145773,-0.4796813106189748,0.0265579604568456,0.0748208742739613,
15.700000000057116,6.600181093788725,-0.5467512591324772,0.0243121063372959,0.05786279826514,
15.80000000005748,6.551339316728161,-0.5146678331991971,0.0230562600440709,0.033396744172121,
15.900000000057844,6.47606482353722,-0.6862386566036206,0.0218419085639452,0.0198627339249945,
16.000000000058208,6.425612593200496,-0.580068201747078,0.0202561966570263,0.026136902568485,
16.10000000005857,6.356758291336851,-0.6510424836653496,0.0182388604315214,0.0258685373602535,
16.200000000058935,6.302574361156609,-0.5721724018093031,0.0162215242060164,0.0243748789024202,
16.3000000000593,6.269820873734948,-0.4317710945027245,0.0155678943327553,0.0200887457473267,
16.400000000059663,6.217919655181719,-0.466956839520919,0.0150038112428766,0.0189196864792599,
16.500000000060027,6.179164873274751,-0.3895276763089745,0.0142085625284034,0.0210278782887473,
16.60000000006039,6.15163310463604,-0.3072732925362549,0.0131493688381007,0.027627188401804,
16.700000000060754,6.111757378391343,-0.3689838867615647,0.0120901751477981,0.0328152291915658,
16.800000000061118,6.032903006379816,-0.6791591581674766,0.0113330505637766,0.0302880908748594,
16.900000000061482,6.005711920854172,-0.4544728474385898,0.0105855705760836,0.0307967949069589,
17.000000000061846,5.917429018140583,-0.7210530026219132,0.0095523179449916,0.0478326327572096,
17.10000000006221,5.850629778451927,-0.6732658517960868,0.0081835685545347,0.1122074999299004,
17.200000000062573,5.796778352090975,-0.5895907404719333,0.0068148191640778,0.1850357016754738,
17.300000000062937,5.733114162060703,-0.6421405922159887,0.0047232913709345,0.2482553089637136,
17.4000000000633,5.666562326270484,-0.6814645667957138,0.0025975268339623,0.2903646872195698,
17.500000000063665,5.615855704064644,-0.5585929766724879,0.0005024425741712,0.3249508557152364,
17.60000000006403,5.529855027248829,-0.7711277595873774,-0.0015575281489736,0.3727927554014224,
17.700000000064392,5.423202743445616,-0.9409465602952995,-0.0036174988721185,0.4249809568234293,
17.800000000064756,5.343590713225243,-0.8446395519826535,-0.0052436877888102,0.4987555515511707,
17.90000000006512,5.301531724095698,-0.5810159465266813,-0.0068687904750032,0.5770715573734638,
18.000000000065484,5.2640972643349,-0.4175016347765681,-0.0077026449143886,0.6330928819471948,
18.100000000065847,5.284831175898221,-0.0508749094137212,-0.0077026449143886,0.6699051339502615,
18.20000000006621,5.222433370834689,-0.4194490230651919,-0.0077026449143886,0.6556346435586308,
18.30000000006657,5.173034659240909,-0.4337398766953192,-0.0077026449143886,0.6637589714948627,
18.40000000006694,5.164669724159912,-0.1879870832456332,-0.0077026449143886,0.7078900832863406,
18.500000000067303,5.165177032951832,-0.0935860297776642,-0.0077026449143886,0.7799388139045608,
18.600000000067663,5.126256680997589,-0.2549605256949619,-0.0077026449143886,0.8642038988256754,
18.70000000006803,5.103673698085162,-0.2210347334509989,-0.0077026449143886,0.9890980774688728,
18.800000000068398,5.10117088721739,-0.0700215632027125,-0.0077026449143886,1.1420501908552303,
18.90000000006876,5.129695666434555,0.2081065572678715,-0.0077026449143886,1.3652098660123588,
19.00000000006912,5.148288093938296,0.208359240230742,-0.0077026449143886,1.5932703404595607,
19.100000000069485,5.174658949029313,0.2083818895423429,-0.0077026449143886,1.804663562918688,
19.20000000006985,5.175261316320541,0.0836556093138976,-0.0077026449143886,2.000571130362468,
19.300000000070213,5.186099463546573,0.1086632171526783,-0.0077026449143886,2.1543554856802274,
19.400000000070577,5.210146627228941,0.1995947841216862,-0.0077026449143886,2.294864135689556,
19.50000000007094,5.21172372777181,0.0929099938409716,-0.0077026449143886,2.413169043936351,
19.600000000071304,5.305942496333078,0.6575656985098628,-0.0077026449143886,2.5489161890020227,
19.700000000071668,5.432820423380386,1.025735132822045,-0.0077026449143886,2.651818417527154,
19.800000000072032,5.57170986798006,1.1955167110341316,-0.0077026449143886,2.7976347167206628,
19.9000000000724,5.581730136484151,0.4691778656384533,-0.0077026449143886,2.8781044777702003,
20.00000000007276,5.753752915061375,1.3109550579665596,-0.0077026449143886,3.096005529701035,
20.100000000073123,5.8955708487372345,1.3015394246964471,-0.0077026449143886,3.225593378050773,
20.200000000073487,6.058986486986287,1.5821947293706276,-0.0077026449143886,3.3161094732544565,
20.30000000007385,6.226394973814903,1.6474895040090058,-0.0077026449143886,3.376868829101614,
20.40000000007421,6.354941304716437,1.386421016453919,-0.0077026449143886,3.3677419078541506,
20.50000000007458,6.493097344515275,1.414120345591104,-0.0077026449143886,3.3517750678285365,
20.600000000074942,6.657041782446616,1.5517913854111245,-0.0077026449143886,3.3207625908387364,
20.700000000075303,6.804647247798127,1.487119516470497,-0.0077026449143886,3.251501734099126,
20.80000000007567,6.973261204946435,1.5020579846879167,-0.0077026449143886,3.225144080613921,
20.900000000076037,7.108346722304472,1.4116770722943877,-0.0077026449143886,3.179565000856388,
21.0000000000764,7.249032609474415,1.4322916741569474,-0.0077026449143886,3.0862444500405357,
21.10000000007676,7.4078675376158465,1.453186993919561,-0.0077026449143886,2.9072248994835475,
21.200000000077125,7.662651802693697,2.051586050103203,-0.0077026449143886,2.715504960348302,
21.30000000007749,7.821183388921056,1.7264929260657054,-0.0077026449143886,2.412001244149095,
21.400000000077853,7.9945933958302176,1.7471921455197197,-0.0077026449143886,2.128003348924907,
21.500000000078217,8.19660341314947,1.9021603447846105,-0.0077026449143886,1.8799438854738784,
21.60000000007858,8.393087721102546,1.934252354917222,-0.0077026449143886,1.648425222375678,
21.700000000078944,8.588063020750011,1.9363166601508703,-0.0077026449143886,1.425708497083651,
21.800000000079308,8.791019790509065,1.9798389431919436,-0.0123734604898665,1.2433076586681933,
21.90000000007967,9.000475082715807,2.0801199220294384,-0.0170764149235505,1.1713623513375404,
22.00000000008004,9.203915122428535,2.039197766857996,-0.0193482534661263,1.1697146044496938,
22.1000000000804,9.39703725218848,1.9763950709282827,-0.0188200964558296,1.0476982715894605,
22.200000000080763,9.60108411597838,2.007607965359437,-0.018291939445533,0.8489992881589423,
22.300000000081127,9.807324197333283,2.0298231455572826,-0.0163668829770326,0.6214968288548768,
22.40000000008149,9.996561471290644,1.9246104322144544,-0.014327637972157,0.4268535453467179,
22.50000000008185,10.18672812359143,1.9105400009571352,-0.0126046863520175,0.2969212557335684,
22.60000000008222,10.404363937430723,2.052516356580995,-0.0112425001835258,0.194977117299035,
22.700000000082586,10.603318078643929,2.00911338474429,-0.009880314015034,0.1587807829620768,
22.800000000082942,10.805640657778174,2.0114101409978176,-0.0093505516919569,0.1584953023992628,
22.90000000008331,11.013810142166948,2.056259984785387,-0.0088540027069375,0.1654368261629029,
23.000000000083677,11.210943932430448,1.9751332138512687,-0.0085099209163611,0.1745297511932568,
23.10000000008404,11.416729458721198,2.043640190216266,-0.0083388760860112,0.1811526138535982,
23.2000000000844,11.604304074311507,1.978617263686548,-0.0081678312556612,0.1864127670197768,
23.300000000084765,11.784559565348212,1.8731840961112949,-0.0078973788333716,0.1915836210124759,
23.40000000008513,11.977500358611405,1.9029663120270124,-0.007623792495576,0.1985440379147937,
23.500000000085493,12.164025940564535,1.856746998165624,-0.0072550359096767,0.2047031806567354,
23.600000000085856,12.357198283978525,1.8628500481239676,-0.0067785018325648,0.2082069159740039,
23.70000000008622,12.56030615499822,1.956433193251618,-0.006301967755453,0.2148115672152169,
23.800000000086584,12.750391879802915,1.898482310615232,-0.0057737230335472,0.219768740416018,
23.900000000086948,12.941495054207987,1.8968822219311,-0.0052417049105273,0.2026570388997552,
24.00000000008731,13.14158702878304,1.965749360035683,-0.0049065178262928,0.1398679029196142,
24.100000000087675,13.328491023250775,1.8758315814205837,-0.0047955721928025,0.0511896759744519,
24.20000000008804,13.518343586088417,1.8418489493046064,-0.0046846265593121,0.003510728499076,
24.300000000088403,13.712971380313396,1.927005408621446,-0.0048542948746596,-0.0067519160958538,
24.400000000088767,13.903311694070544,1.9136512942033457,-0.0050325410079666,-0.0043794621168486,
24.50000000008913,14.0856300903585,1.826033188782344,-0.0047943828972909,0.0067546856352785,
24.60000000008949,14.26168373590563,1.7843212880257793,-0.0040838231803237,0.0161675380499818,
24.700000000089855,14.439416537934203,1.8254310533822429,-0.0033732634633565,0.0262825008774434,
24.800000000090225,14.59690524399978,1.6876140594830678,-0.003481722833754,0.03149495869553,
24.900000000090586,14.79590250746512,1.90476844628688,-0.0036241440930398,0.0378771973224545,
25.00000000009095,15.033645924063894,2.1626929064054243,-0.0041402558303654,0.0422085924751563,
25.100000000091317,15.215199212112072,1.889751643515755,-0.0050566895691132,0.048409288139547,
25.20000000009168,15.3148712719974,1.29053043573711,-0.005973123307861,0.0500805397356038,
25.30000000009204,15.403093133056348,0.9817733948358373,-0.0061819023188511,0.0550123954032115,
25.400000000092405,15.509065096299713,0.967850864411161,-0.0063640227694963,0.0578561900997587,
25.50000000009277,15.654856150338192,1.2336355698346089,-0.0061039976767166,0.056274275993802,
25.60000000009313,15.778988347742468,1.2296423398503622,-0.0053210818383838,0.0399572244351298,
25.700000000093496,15.907676652901444,1.276419901011121,-0.004538166000051,0.0398481171811211,
25.80000000009386,16.024261850372593,1.1885480298417803,-0.0037897955189047,0.0467548587611588,
25.900000000094224,16.13365877400957,1.1006743854604644,-0.0030425644174741,0.0498946975705844,
26.000000000094587,16.242353824779435,1.067459942568737,-0.0023446260586308,0.0576318290388057,
26.10000000009495,16.355848156550167,1.106233970644357,-0.0017003432852576,0.0674670345823064,
26.200000000095315,16.477834692869934,1.1695026863917868,-0.0010560605118844,0.0804248859328211,
26.30000000009568,16.560702745582557,0.9842757029224646,-0.0004189343474152,0.0963605227526794,
26.400000000096043,16.681647604363665,1.118473529635965,0.000217991652346,0.1093593867862925,
26.500000000096406,16.764003254552478,0.897102896221402,0.0007362052397285,0.1265896764295024,
26.60000000009677,16.858157765416756,0.9394747280400833,0.0011115887045329,0.1444249341004489,
26.70000000009713,16.948032375172854,0.8655399631992033,0.0014869721693373,0.1473305135685209,
26.800000000097494,17.045240644481005,0.94879748608695,0.0022011042878033,0.1529145678603004,
26.90000000009786,17.143574698300807,0.9463812259415482,0.0029428062147283,0.1500503349109436,
27.000000000098225,17.225173129531566,0.8834489281547769,0.0037145699188503,0.1546026513140642,
27.10000000009859,17.31900486566923,0.914476490415448,0.0045212248452127,0.1179331002136912,
27.200000000098957,17.402303659139818,0.8419454112212422,0.0053278797715751,-0.0385125928294097,
27.30000000009932,17.497047353073498,0.881623933852265,0.0060324631749184,-0.1503774779738635,
27.40000000009968,17.564006986401704,0.6889909853267491,0.0067297340992259,-0.1240370092611813,
27.500000000100044,17.675505467893807,0.9173747155917004,0.0072756076398772,-0.0661360608564597,
27.600000000100408,17.743278163130572,0.7695058722325561,0.0076466472062823,-0.0136197055536118,
27.70000000010077,17.828596704721537,0.8188922710452179,0.0080176867726874,0.0158386768479632,
27.800000000101136,17.899387709889517,0.750575783206793,0.0083736497904652,0.0361886390687283,
27.9000000001015,17.979504937231685,0.7816645384079777,0.0087290936012239,0.042769985552548,
28.000000000101863,18.05916904219012,0.7932760549303167,0.0085472595381342,0.0493542880659782,
28.100000000102227,18.136690191002447,0.8192638908416474,0.0077598391108647,0.0494586115770464,
28.20000000010259,18.19909838199916,0.7090683087618288,0.0069724186835952,-0.0010316192528649,
28.300000000102955,18.27317909005941,0.7485436904010159,0.0059251232114126,-0.1961205528130113,
28.40000000010332,18.33212007938057,0.6772102961896096,0.004861729623426,-0.301397405492903,
28.50000000010368,18.38393373977403,0.5622421655395398,0.004240868987102,-0.2059513989789614,
28.60000000010405,18.458987983187228,0.6546949333544971,0.00411071983943,-0.1299949844018807,
28.70000000010441,18.5327046210804,0.7192733667932176,0.003980570691758,-0.1236472020960369,
28.80000000010477,18.58529309197445,0.5832494265108998,0.0039433671849976,-0.1182620852066703,
28.900000000105138,18.670424335303025,0.7620963556181086,0.0039092663269987,-0.1139080983795932,
29.0000000001055,18.72052877385203,0.5569644100535119,0.0038365922122151,-0.1122863347721849,
29.100000000105865,18.817063651957504,0.8176998281716156,0.0037173967588441,-0.1016896920792837,
29.20000000010623,18.87159126001525,0.6646158984001965,0.0035982013054731,-0.0753569813269159,
29.300000000106596,18.941939868626573,0.7386752495509623,0.0035923074903293,-0.0076962134541192,
29.40000000010696,18.985388925923036,0.5548958420641941,0.0035900954072784,0.0369252175833321,
29.50000000010732,19.05194182772153,0.5979488392266005,0.0043549039410808,0.0982798663273361,
29.600000000107684,19.120228852852385,0.6376864422274761,0.0060166703390055,0.1261555229766111,
29.700000000108048,19.182500908580103,0.7062493247103336,0.0076784367369302,0.1184523141781818,
29.80000000010841,19.25808975612053,0.7473256390068973,0.0075747246751036,0.1134498026885262,
29.900000000108776,19.32032342219629,0.6888125072291931,0.0074324034809915,0.1114708331321087,
30.00000000010914,19.376058416709583,0.6131101817593502,0.0074818378145427,0.1132684404169668,
30.100000000109503,19.445146017404586,0.6055890057592794,0.0077574538498493,0.1111522421687758,
30.200000000109867,19.48785476254291,0.5196851227127723,0.0080330698851559,0.1032548010995441,
30.30000000011023,19.553100026646632,0.5683235492547076,0.0095046768517402,0.1079029611221843,
30.400000000110595,19.610374668599867,0.5828784977901006,0.0110657724510638,0.110764190527722,
30.50000000011096,19.683010646989164,0.7278256642370508,0.0121261446047234,0.1128395071862562,
30.60000000011132,19.742088624901527,0.6653387600534888,0.0126005150823948,0.1186205425428061,
30.70000000011169,19.793186924703274,0.5960371053233173,0.0130748855600661,0.1075379542740991,
30.80000000011205,19.855151144212776,0.6518836624074241,0.0129038124309409,0.0607643918208281,
30.900000000112414,19.93311711408245,0.7925976322114646,0.0127107128783282,0.0568549451177351,
31.000000000112777,19.951930091669723,0.4409948972505847,0.0123859717304291,0.0560664276880926,
31.10000000011314,20.01267134513856,0.5851886536878866,0.0119115877402344,0.0460856496459244,
31.200000000113505,20.06996959275424,0.5373990240254253,0.0114372037500396,0.0336233406850948,
31.30000000011387,20.136038569320142,0.6165402242732196,0.0115567287796811,0.0309409159595246,
31.400000000114236,20.18792998425193,0.5360047575673852,0.0117276484718641,0.0059772778929752,
31.5000000001146,20.250296900332504,0.6121471419091539,0.011882180803981,0.008401172890505,
31.60000000011496,20.306193209483204,0.5948363009883373,0.0120177298768415,0.0105981038332562,
31.700000000115324,20.358456135929853,0.5619189025429866,0.012153278949702,-0.007692777084302,
31.800000000115688,20.410117917382507,0.5138856103064208,0.0122565052904916,-0.0270405507973315,
31.90000000011605,20.44437559574349,0.3764640799221626,0.0123566992942166,-0.0278504226754192,
32.000000000116415,20.452510703683867,0.1472782621922821,0.0122597041208576,-0.0441764618543456,
32.10000000011678,20.46202044779253,0.1037275842196241,0.0119407160914146,-0.0616283058025995,
32.20000000011714,20.463881219556217,0.0455133011563993,0.0116217280619717,-0.1143578389668996,
32.30000000011751,20.460504345692428,-0.0155577446784458,0.0113962911540147,-0.1063395316130383,
32.40000000011787,20.48110907818752,0.0724997807241084,0.0111780100923255,-0.1061261714552427,
32.500000000118234,20.48185943514449,-0.016970170398062,0.011047785437876,-0.1128433712682566,
32.6000000001186,20.50744900904121,0.1591519277317583,0.0110169364772126,-0.1098944116905278,
32.70000000011896,20.50705906484969,0.0871445488565658,0.0109860875165492,-0.1107532209705786,
32.800000000119326,20.50281921958314,0.039788296442272,0.0110356277507019,-0.1129119513800108,
32.90000000011969,20.503721399053788,0.0327444236308952,0.0110906085513645,-0.1066573377781178,
33.00000000012005,20.50227109422932,0.0302831980936934,0.0112091554234709,-0.0906228591025926,
33.10000000012042,20.500503122253534,0.0491849969434697,0.0114000449179553,-0.0650924967381845,
33.20000000012078,20.48560648376108,-0.0347986711484359,0.0115909344124397,-0.034445813527203,
33.300000000121145,20.47469920471128,-0.079537780415764,0.0115123311724522,-0.0154458690214863,
33.40000000012151,20.472921301647744,-0.0289159369787655,0.0114251833913385,0.0026591082417715,
33.50000000012187,20.465205709157875,-0.0423030509039707,0.0112186237843274,0.0658777281849192,
33.60000000012224,20.45420143318129,-0.1129020871236978,0.0108775934829892,0.0798045624031762,
33.7000000001226,20.457904419302487,-0.0501206071883547,0.0105365631816511,0.0896658825340084,
33.800000000122964,20.45137669762788,-0.0827243022279026,0.0106062567241188,0.1073173162369048,
33.90000000012333,20.452081237517355,-0.0182127475185544,0.0106813718039391,0.1170623417299332,
34.00000000012369,20.44187202288566,-0.0273067767277663,0.0102838738990383,0.124721030184495,
34.100000000124055,20.438785712111844,0.0241765702759778,0.0093692098047485,0.1237010822109393,
34.20000000012442,20.42201524233462,-0.0572720034142489,0.0084545457104587,0.118350128639713,
34.30000000012478,20.415421406889283,-0.0382479680832553,0.0080402245883894,0.1124806508099069,
34.40000000012515,20.410799042457427,-0.0023074991420635,0.0076531492295229,0.1072357206296233,
34.50000000012551,20.40442428198959,-0.0181542899430407,0.0077149897198036,0.1016978297099546,
34.600000000125874,20.39219721614729,-0.0496876367642771,0.0083132350883462,0.0983206898003643,
34.70000000012624,20.381340302798456,-0.0743842025393039,0.0089114804568888,0.0934020743205135,
34.8000000001266,20.367851757661096,-0.1157153655100734,0.0090917751113216,0.0819883272611293,
34.900000000126965,20.368955653017625,-0.0214013012560202,0.009264291172454,0.0825466805182565,
35.00000000012733,20.35733405861735,-0.0653107871903223,0.0091964754614826,0.0697581948609714,
35.10000000012769,20.342147406924024,-0.1041232682349096,0.0088544968803007,0.0600087462395456,
35.20000000012806,20.33306646019049,-0.1118574339931706,0.0085125182991189,0.0589624323988724,
35.30000000012842,20.319849294893423,-0.1328842542865968,0.0087780791465123,0.0396274875129139,
35.400000000128784,20.30668391823389,-0.1403269883488037,0.0090643772905121,0.0103575971991149,
35.50000000012915,20.298589207860072,-0.1104027804699267,0.010071179553633,-0.0099109110793046,
35.60000000012951,20.29815771675077,-0.0531541020328725,0.0119395032955597,-0.0179953797681028,
35.70000000012988,20.29201131063221,-0.0822778411023353,0.0138078270374865,-0.0049159572681631,
35.80000000013024,20.27274973991272,-0.143829431611553,0.0146899736073259,-0.0087768734543463,
35.9000000001306,20.27232000970273,-0.0607696258264326,0.015532245943178,-0.0223292937148944,
36.00000000013097,20.270666976430185,-0.0216630823942974,0.0162785705016593,-0.030806404635299,
36.10000000013133,20.27002348161228,0.0159954565661839,0.0169116204610754,-0.0687645422304306,
36.200000000131695,20.26792652696826,-0.026836871497632,0.0175446704204915,-0.0863840940066281,
36.30000000013206,20.276928643505915,0.0655832138490489,0.0179612654028586,-0.0959192934637317,
36.40000000013242,20.28957725924776,0.1102762441253348,0.0183584978352179,-0.0975805909387225,
36.50000000013279,20.290995396050945,0.0523580132655162,0.0184794740907131,-0.1038972251752196,
36.60000000013315,20.30925735754442,0.1149805115951423,0.0182679601268664,-0.1056218422791975,
36.70000000013352,20.31602685812901,0.0994160677558412,0.0180564461630196,-0.0996868492653132,
36.80000000013388,20.34516692396623,0.2514586256254419,0.0170170552161175,-0.0901145188447316,
36.90000000013424,20.34687896752248,0.1386495748281669,0.0159485817913817,-0.0948896968352195,
37.000000000134605,20.336454739580645,-0.0455707200405223,0.0150447809775857,-0.0786979077669294,
37.10000000013497,20.34128381846105,-0.0026449897238646,0.01433272358352,-0.0657188244769023,
37.20000000013533,20.341235733436104,-0.0265851976986519,0.0136206661894544,-0.0243185296175827,
37.3000000001357,20.34082948774793,-0.0537663983433626,0.0129105736448039,-0.0196335562010587,
37.40000000013606,20.333353007472542,-0.0973256216809066,0.0122005651806748,-0.0150499248518873,
37.50000000013642,20.3462210531792,0.0246185428663548,0.0115904046668527,0.0140097223329011,
37.60000000013679,20.33739777399358,-0.0648841834246991,0.0110970798022644,0.0357383395520834,
37.70000000013715,20.337334796867747,-0.0309431116237612,0.0106037549376761,0.0340432958540603,
37.80000000013752,20.33524875615468,-0.0490278790418116,0.0096792756670231,0.0378170778729415,
37.90000000013788,20.32166516307074,-0.1152895903689972,0.0087407980293962,0.042108933137336,
38.00000000013824,20.30555560653879,-0.1429629231463984,0.0083539948652015,0.0497452918167455,
38.10000000013861,20.29311083148332,-0.1435964705512853,0.0086042636197986,0.0805027935074189,
38.20000000013897,20.282779882219995,-0.1136139094230151,0.0088545323743956,0.0823512720798268,
38.300000000139335,20.270653793289764,-0.1142747725301714,0.0093321944328626,0.0841069910114724,
38.4000000001397,20.267219241850093,-0.0397917203429826,0.0098203217367423,0.0874878209922455,
38.50000000014006,20.258096435529165,-0.0604058756920839,0.010550061812758,0.0830427107501475,
38.600000000140426,20.249074284625504,-0.0506789953376036,0.0115636839847442,0.0772954812018537,
38.70000000014079,20.21519913479101,-0.2182904498917692,0.0125773061567305,0.0787945089562232,
38.800000000141154,20.19323095084816,-0.2513026378850543,0.0135390044604873,0.056199092119534,
38.90000000014152,20.17658557116097,-0.1757374623110094,0.014498517643127,0.0435177859121608,
39.00000000014188,20.16222058884941,-0.1596449577875254,0.0152806053244855,0.0511249514042212,
39.100000000142245,20.14674589994479,-0.1268664315492674,0.0158605421767779,0.0476480363674086,
39.20000000014261,20.122976007507013,-0.1895658923279321,0.0164404790290704,0.0341775907176378,
39.30000000014297,20.118011511707973,-0.0948700789049702,0.0158095839749265,0.034711347191191,
39.400000000143336,20.08668104855572,-0.2356405305203837,0.015141296335788,0.0122644520434809,
39.5000000001437,20.06997743441291,-0.2160499944179658,0.0148307708036676,-0.043160112300425,
39.600000000144064,20.0404900772484,-0.2982415957098216,0.0149406918357752,-0.0558565365219252,
39.70000000014443,20.02977489588731,-0.1780990871048648,0.0150506128678828,-0.0537620883770094,
39.80000000014479,20.036930918498538,0.0325757610597105,0.0162422820847021,-0.0455101758695123,
39.90000000014516,20.00075744326492,-0.1714761629885932,0.0174556171207871,-0.0364892926824971,
40.00000000014552,19.99310697464727,-0.1165291527449573,0.0180582250533197,-0.0329089954412485,
40.10000000014588,19.98749747833636,-0.0576072921184779,0.017975668087012,-0.0342751677973971,
40.20000000014625,19.95880563133757,-0.1875358144761226,0.0178931111207043,-0.0358722701666057,
40.30000000014661,19.94196995229873,-0.1498519451197392,0.0177864811259227,-0.0411525078727185,
40.400000000146974,19.938069127280748,-0.0868310418909453,0.0176789910736005,-0.0474230128282012,
40.50000000014734,19.915962966912456,-0.1363000363385176,0.0176348647448129,-0.0538188714526473,
40.6000000001477,19.916587135340954,-0.0088220292379508,0.0176636109621262,-0.0486404979336822,
40.70000000014807,19.90788021084991,-0.0369388324187653,0.0176923571794395,-0.0456515244135125,
40.80000000014843,19.90648271465609,-0.000266545396375,0.0167256815645851,-0.0506966126514937,
40.90000000014879,19.893998961576088,-0.0759209743346575,0.0157242921630283,-0.0462259868519303,
41.00000000014916,19.8855000423197,-0.0939811625177262,0.0150272173448783,-0.0506609401056792,
41.10000000014952,19.887703366751897,-0.0139214741266178,0.0146898569701921,-0.056807900504572,
41.200000000149885,19.88956893216221,0.0182424329956981,0.014352496595506,-0.0520156007438505,
41.30000000015025,19.89449631318363,0.078420026139326,0.013806907848597,-0.0523552177546436,
41.40000000015061,19.89360548023976,0.0350617607358271,0.0132544224764037,-0.0473294787657207,
41.500000000150976,19.89714318910718,0.0183936300089238,0.0124019269425289,-0.0147137062699914,
41.60000000015134,19.89770493888376,-0.0231318214847,0.0112134677403588,-0.0049083837319657,
41.7000000001517,19.89939148990376,-0.020354704417279,0.0100250085381887,0.0291098322110886,
41.80000000015207,19.89017049269929,-0.108164231430181,0.0092567974757078,0.0550441847662325,
41.90000000015243,19.88302154288837,-0.0932687271652955,0.0085081820648491,0.0775741175436166,
42.0000000001528,19.88638400275056,-0.0088887645640326,0.0081647711587578,0.0821869972332508,
42.10000000015316,19.884532234500124,-0.0533945505153049,0.0082965025125271,0.09766265881306,
42.20000000015352,19.88478038325996,-0.0446542730638345,0.0084282338662964,0.0979056595732717,
42.30000000015389,19.88784189109382,-0.0523138232571713,0.0087231626415763,0.1007109303317537,
42.40000000015425,19.875436126142045,-0.1250631445359687,0.0090256887301935,0.1016985047005246,
42.50000000015461,19.87183886765745,-0.091993586006517,0.0093796410920911,0.1053287097249813,
42.60000000015498,19.869948230685008,-0.0645262314438126,0.0097929122345486,0.1038594407466433,
42.70000000015534,19.855394877438723,-0.0938281254462212,0.0102061833770061,0.1066528728549723,
42.800000000155705,19.85564445619452,-0.0435052154442749,0.0104952640124642,0.1376541741324968,
42.90000000015607,19.84952186868816,-0.0495660229913769,0.0107801769748186,0.1416598577807043,
43.00000000015643,19.834913831514932,-0.1068914150253648,0.0115388200948007,0.1371033970521523,
43.1000000001568,19.81733308223903,-0.1421059648468733,0.0128512644741432,0.1342409097632148,
43.20000000015716,19.83199494666057,0.0112120774634466,0.0141637088534857,0.1150361595930518,
43.30000000015752,19.841526451021668,0.0783268128032807,0.0146898755761638,0.0929448543017948,
43.40000000015789,19.85280623462804,0.1528589400881734,0.0151889416913582,0.0468679276223332,
43.50000000015825,19.862598414791304,0.1414703501135761,0.0154101143885,0.002259653879067,
43.600000000158616,19.866916700160616,0.0810312739075504,0.0153132711779962,-0.0849617544172935,
43.70000000015898,19.88714203655971,0.1608657288750177,0.0152164279674924,-0.0819552566472261,
43.80000000015934,19.90762286141157,0.2059463254655402,0.0150672331573767,-0.0743473312741424,
43.90000000015971,19.920110833775222,0.1625335078637778,0.0149173088226679,-0.0746803828935655,
44.00000000016007,19.939892758009933,0.1975796434711283,0.0151025458916255,-0.0771758601014322,
44.10000000016044,19.96429689048161,0.2150420810704194,0.0156553010522894,-0.0764359192803209,
44.2000000001608,19.98953790221896,0.246973841420527,0.0162080562129534,-0.0737631922886435,
44.30000000016116,20.01438085940655,0.2558205623369333,0.0168969534781576,-0.0684847595452177,
44.400000000161526,20.03790768399454,0.2526982129801181,0.017591106293163,-0.0769506450023809,
44.50000000016189,20.0564031111755,0.1836493722208456,0.0180606983937686,-0.0760315473770346,
44.600000000162254,20.077130916808443,0.1640566281021366,0.0182644309522922,-0.0752041971645868,
44.70000000016262,20.082909183066796,0.0557795929545159,0.0184681635108157,-0.0645172104893439,
44.80000000016298,20.109603152465787,0.158477861716467,0.0178924126857978,-0.0649805871420339,
44.90000000016335,20.122845476444443,0.1332587864077432,0.017299336816584,-0.0730779558524287,
45.00000000016371,20.123858689049555,0.0791819212754181,0.0168317806109434,-0.0746295482228502,
45.10000000016407,20.141220296080945,0.1267200802699761,0.016508754339021,-0.0767051842051635,
45.20000000016444,20.15003398538362,0.0651861285433408,0.0161857280670986,-0.0656036847881963,
45.3000000001648,20.17984505718504,0.1873950338854862,0.0166390448169361,-0.0640790685767165,
45.40000000016517,20.193524585105045,0.1902636537742404,0.0171231077413713,-0.0473126027115199,
45.50000000016553,20.209075957261454,0.1801920725932437,0.0176153468703594,-0.0461548295655911,
45.60000000016589,20.200288934866588,0.0006175071391748,0.0181169071828762,-0.0438391644408098,
45.700000000166256,20.1996156940571,0.0496580457579122,0.018618467495393,-0.0044824401574182,
45.80000000016662,20.19936182492311,0.0207649187360322,0.018424685024509,0.0420212977759828,
45.90000000016698,20.195707943127008,0.0390545904028049,0.0182041271414762,0.0444045431910129,
46.00000000016735,20.21244014526582,0.1411046824069944,0.0182785068534403,0.0538966421787551,
46.10000000016771,20.21168565217969,0.0799054375536904,0.0186673901705894,0.0478788667953764,
46.20000000016808,20.22126271395421,0.0846172631334067,0.0190562734877385,0.0464239382639515,
46.30000000016844,20.218749019158288,0.0330955258935302,0.0188497278595833,0.0550878200197702,
46.4000000001688,20.21625211497457,0.0037940917048628,0.0186187380437639,0.0553750560509204,
46.500000000169166,20.20188369663589,-0.064671397779582,0.0181497567239969,0.0513691537567259,
46.60000000016953,20.20254453926809,-0.0030179234110264,0.0174027550007184,0.0451762551772949,
46.70000000016989,20.23291869714836,0.1790455940637871,0.0166557532774399,0.0532657166078045,
46.80000000017026,20.214964632564797,-0.0394314123147156,0.0174774123550979,0.0524892651352102,
46.90000000017062,20.23010830161763,0.0715685575807148,0.0183672114991848,0.0541108826655986,
47.000000000170985,20.219517331060352,-0.0497571078336174,0.0190104401979198,0.0720627583541438,
47.10000000017135,20.22020903621848,-0.0367986564394652,0.0193652671708572,0.0862151421944279,
47.20000000017171,20.228661213237917,0.0151594438181038,0.0197200941437946,0.0822985616461113,
47.30000000017208,20.239969407189456,0.0615315715900622,0.0194306683576524,0.0804523895621515,
47.40000000017244,20.24588358559926,0.0266742467102732,0.0191197745899517,0.0736872292016663,
47.5000000001728,20.241973799953385,-0.0452096535501675,0.0182530025914228,0.0559006711869084,
47.60000000017317,20.246397586185147,-0.0263681763273484,0.0166347742210397,0.0353100566063909,
47.70000000017353,20.26188470339755,0.1026547630981117,0.0150165458506565,0.0036627039156002,
47.800000000173895,20.26010662405775,0.0695318786482482,0.0144837734229447,-0.003379357456291,
47.90000000017426,20.27907936769072,0.2055819686869928,0.0139900370585715,-0.0081715239044813,
48.00000000017462,20.2847301839918,0.1489970321457259,0.0137981231025909,-0.018023171952159,
48.10000000017499,20.292008948963257,0.1150946894688774,0.0139572813239021,-0.0279434999110351,
48.20000000017535,20.306516492863523,0.1670232385693449,0.0141164395452133,-0.0286985022809874,
48.300000000175714,20.3064309810992,0.1014782167929314,0.0137220248603707,-0.0296190526819385,
48.40000000017608,20.30673033852118,0.0497348028658689,0.0133177944077625,-0.0359055128611458,
48.50000000017644,20.2993073176732,-0.0108469014674093,0.0130501670689809,-0.0501458559513412,
48.600000000176806,20.301196466766296,0.0025102160056813,0.0129383418802158,-0.0577195689181666,
48.70000000017717,20.29877593611513,0.0050349205920848,0.0128265166914508,-0.0569570240373433,
48.80000000017753,20.29972488062537,0.0064100190860059,0.012784253558327,-0.0576307539220465,
48.9000000001779,20.30033232183812,0.0184218925173677,0.0127453223895903,-0.0573583568165305,
49.00000000017826,20.309876161796613,0.0669922359439098,0.0127070543207914,-0.0583565976198886,
49.10000000017863,20.310863643872626,0.0147156789708481,0.0126695526023491,-0.0572126206288904,
49.20000000017899,20.320077450730867,0.0653722320955317,0.0126320508839069,-0.0561484423164744,
49.30000000017935,20.327066868232123,0.0687199406488175,0.0129607008731315,-0.048796297218351,
49.40000000017972,20.347660900529693,0.1470099504411273,0.0133132098975564,-0.0478797626228802,
49.50000000018008,20.364236837364693,0.1441859459902424,0.0140207471405594,-0.0391731765973362,
49.60000000018045,20.389667733751185,0.1865146412349764,0.0151896814490791,-0.0360647883298245,
49.70000000018081,20.405120592235377,0.1900577050227462,0.0163586157575988,-0.0300592350403576,
49.80000000018117,20.41297537661247,0.1465511220083816,0.017183054782148,-0.003911756765701,
49.900000000181535,20.438107242475983,0.2504275366964142,0.0180012453425294,0.0121919804375144,
50.0000000001819,20.435677881930214,0.0385623054150046,0.0180425732951513,0.0311526680944609,
50.10000000018226,20.443051589374317,0.100432896376894,0.0171874008195538,0.0607025471087585,
50.20000000018263,20.466212562383586,0.1953001407808224,0.0163322283439564,0.0829876872747237,
50.30000000018299,20.486226933478576,0.2663692691915,0.0166088647795452,0.0742443022601543,
50.40000000018336,20.46966515846693,-0.0544296492203195,0.0169271875546942,0.0700260379109703,
50.50000000018372,20.50873032860173,0.2283585198474052,0.0172500946517054,0.0770672304313136,
50.60000000018408,20.535811703812385,0.2137401771612111,0.0175782690951803,0.0834716290539562,
50.700000000184446,20.55804812117715,0.2493235889111859,0.0179064435386552,0.1093015822900106,
50.80000000018481,20.59977208537935,0.3444540307458847,0.0181227684003262,0.1085225628713816,
50.90000000018517,20.61193690414105,0.1833830259994575,0.0183352299823623,0.0934290725581741,
51.00000000018554,20.61565678113681,0.0808288389781839,0.0181590496498916,0.1005199992936915,
51.1000000001859,20.60775521082488,-0.0405139432176551,0.0175241414330319,0.1073852523590157,
51.200000000186265,20.620614501397277,0.0862364091745038,0.0168892332161723,0.0950441326569033,
51.30000000018663,20.630332022185176,0.1339459737244791,0.0167187542786725,0.0827080953762496,
51.40000000018699,20.631978766514926,0.098142548077009,0.0165650333367327,0.0809077473998044,
51.50000000018736,20.65637990032992,0.2263290858440153,0.0167293942094686,0.0833077512494387,
51.60000000018772,20.66957708263364,0.187108251778,0.0172556785484086,0.0840425785733049,
51.70000000018808,20.685131628954075,0.1930560985584654,0.0177819628873485,0.0790472730867818,
51.80000000018845,20.68847693597151,0.1116450262303056,0.0172010408777065,0.0722986462370056,
51.90000000018881,20.683934170450325,0.0184805940755494,0.01657346842876,0.0523175047505862,
52.000000000189175,20.680252818296832,-0.0408972781676606,0.0159117730305924,-0.0089549928395857,
52.10000000018954,20.68312361444101,0.0491852000402454,0.0152076155628976,-0.0292519864199216,
52.2000000001899,20.6862266331427,0.0142074455205973,0.0145034580952029,-0.0322043378179595,
52.300000000190266,20.69127557508149,0.0227340706620373,0.0140784750076418,-0.038065816302367,
52.40000000019063,20.698279689084977,0.0502313510722096,0.0136647897157134,-0.0443029305269369,
52.500000000190994,20.69695634895897,0.0089020855283543,0.0133084133796348,-0.0436119301207817,
52.60000000019136,20.6896334847036,-0.0361568342184177,0.0130182008771992,-0.049468903958524,
52.70000000019172,20.688729097087364,-0.0203853356477916,0.0127279883747636,-0.068291385668255,
52.800000000192085,20.68183830109904,-0.0527750362317204,0.0125537421323764,-0.0801867605345017,
52.90000000019245,20.69337782632178,0.0608180674713835,0.0123833556351712,-0.0867018666486789,
53.00000000019281,20.69842233671096,0.0763668922349754,0.0123322767104004,-0.09130543581328,
53.10000000019318,20.698883759811075,0.056333686505152,0.012419970405194,-0.0898677265639828,
53.20000000019354,20.697694697613187,0.0075465355179819,0.0125076640999875,-0.0941706657289973,
53.300000000193904,20.69609710979176,-0.0080938959859483,0.0116920882776583,-0.0925535188802257,
53.40000000019427,20.69090700416148,-0.0288873136790808,0.0108307022585467,-0.0942056910714434,
53.50000000019463,20.69280669381144,0.0030095480884386,0.0099396372132553,-0.0892481212451012,
53.600000000195,20.70407377439541,0.0921667104745235,0.0090146761563732,-0.0941504715661329,
53.70000000019536,20.713645421265888,0.128869887414907,0.0080897150994912,-0.0972121306733933,
53.80000000019572,20.714777234263416,0.0932268759533782,0.0082815424211589,-0.0851461871467408,
53.90000000019609,20.7177461479139,0.0873731366947163,0.0085304783621132,-0.0782999569456756,
54.00000000019645,20.716169899933853,0.0183305828516998,0.0089802646000178,-0.0639836235645017,
54.100000000196815,20.71132256281456,-0.0276912107075396,0.0096596125772382,-0.046334527337343,
54.20000000019718,20.72216006914748,0.0477107521573156,0.0103389605544586,-0.0362000237536561,
54.30000000019754,20.73072232316917,0.0763689558831648,0.010449988555037,0.011859482447393,
54.40000000019791,20.7261049445264,-0.0359115264617086,0.0105409454971098,0.0192395251507064,
54.50000000019827,20.72436299683067,-0.0706766274642459,0.0102100691479748,0.0475713675131792,
54.60000000019864,20.73569042528152,0.0519002211910116,0.0093921652509272,0.0713526757676227,
54.700000000199,20.74201309879358,0.0714253405104278,0.0085742613538796,0.0665485355722501,
54.80000000019936,20.747440902931,0.0377580715143219,0.008472163770668,0.0694533607963691,
54.900000000199725,20.76146738407989,0.1239493189788745,0.008397246170115,0.0703957439738837,
55.00000000020009,20.76857435884928,0.127004063240449,0.0086995547529409,0.0901911822312009,
55.10000000020045,20.77730071908267,0.1279940412952516,0.0094535345118032,0.1176706287877615,
55.200000000200816,20.779909763450583,0.0998298439243359,0.0102075142706655,0.1280237191697341,
55.30000000020118,20.77347847722676,-0.0004551612834655,0.0104354094988759,0.128747525030428,
55.40000000020154,20.780919156275967,0.078070710639869,0.010640658854929,0.1413620441725566,
55.50000000020191,20.783828065056035,0.0646159339498084,0.0108860891988114,0.1344730385308581,
55.60000000020227,20.749064466692737,-0.1977034981276889,0.0111836404080506,0.1276554868288004,
55.70000000020264,20.750986857778283,-0.0926123012684325,0.0114811916172897,0.1287317773860542,
55.800000000203,20.74901837651229,-0.0616300072488997,0.0110600449187413,0.1276121063492898,
55.90000000020336,20.761175776545148,0.0663798240905127,0.0106136178548549,0.110557349042543,
56.00000000020373,20.767137168273567,0.0758228120924999,0.0103929902219003,0.0945034069473308,
56.10000000020409,20.76253409159544,0.0228180761408652,0.010427188583011,0.087320697540846,
56.20000000020445,20.775792736571876,0.0721241673676076,0.0104613869441216,0.0362314743129586,
56.30000000020482,20.782338798315752,0.0755915086243555,0.0103180722757313,0.0213313006237294,
56.40000000020518,20.79460283291678,0.1166986546142364,0.0101664996430541,0.0029021434129747,
56.500000000205546,20.801330635697017,0.0681926143993552,0.0103101874766487,-0.0043042568765009,
56.60000000020591,20.805258287188447,0.0918870567473692,0.0108141623788977,-0.0411176826439498,
56.70000000020627,20.852151502595643,0.3453187777114424,0.0113181372811466,-0.0383708038444035,
56.80000000020664,20.832515610608503,0.0608961702178763,0.0107523320967622,-0.0314358288649568,
56.900000000207,20.844229350535077,0.0703858115905988,0.0101372782349675,-0.0364881586387792,
57.000000000207365,20.867081614605222,0.1622657053420751,0.009313895562626,-0.0389326573791716,
57.10000000020773,20.878220391288927,0.0850701036356728,0.008245105019488,-0.0506132852039388,
57.20000000020809,20.88126537521265,0.0517254344390535,0.00717631447635,-0.0487456306309558,
57.300000000208456,20.899883799083437,0.1053956803649877,0.0067274253343794,-0.048533597064491,
57.40000000020882,20.89750065447346,0.0326523045177798,0.0063004012248114,-0.0498464774520006,
57.500000000209184,20.904248434593868,0.0483964251516101,0.0067803359223323,-0.0484602021764387,
57.60000000020955,20.911370297628853,0.0665367604157276,0.0083362378537048,-0.0407423782156891,
57.70000000020991,20.907174663090977,0.0244490729114995,0.0098921397850772,-0.0305714478571522,
57.80000000021028,20.92711623095041,0.1887880527510641,0.0104259508161219,-0.0255286842205725,
57.90000000021064,20.926586015921885,0.1273032510797954,0.0109175958972099,-0.0412310835443559,
58.000000000211,20.929723214319583,0.0983012142607632,0.0112464453253861,-0.038501178290104,
58.10000000021137,20.94597038156826,0.1474939103803251,0.0113326703936768,-0.0266097610234637,
58.20000000021173,20.947383063301,0.0628701256555053,0.0114188954619674,-0.0396738992715414,
58.300000000212094,20.957964984634945,0.0768207940568584,0.011586071548323,-0.0396300780750371,
58.40000000021246,20.974295473184632,0.1443425020108128,0.0117569071536025,-0.0413732218679787,
58.50000000021282,20.97261267418692,0.0468590752027982,0.0116777586736691,-0.0413443099082633,
58.60000000021319,20.966415499169443,-0.0480967518689207,0.0112996923370602,-0.0408363586493505,
58.70000000021355,20.976061153688946,0.0186533436262027,0.0109216260004514,-0.0366206528401468,
58.80000000021391,20.96583987949943,-0.0633685157673818,0.0110635967528617,-0.0375683158120635,
58.90000000021428,20.971153539263685,-0.0067504977353924,0.0112256125891583,-0.0319446591114375,
59.00000000021464,20.976384780551687,0.0409149151440454,0.011412037000353,-0.0107163328617348,
59.100000000215005,20.981440905062943,0.0535667097217154,0.0116272400068769,0.0007020564890316,
59.20000000021537,20.982961415760386,0.0121855080217246,0.0118424430134008,-5.585701246919841e-05,
59.30000000021573,21.000551514256653,0.1119520809705221,0.0117123521838967,0.0017072148606381,
59.400000000216096,21.009717117761312,0.0997466531045454,0.0115688334758882,0.0027692492678071,
59.50000000021646,21.01398319936494,0.0654355783589167,0.0114783468195168,0.006906766043836,
59.60000000021682,21.00557190014947,-0.0634824360525228,0.0114569991344046,0.0081337512005156,
59.70000000021719,21.013850907031102,0.019344220787181,0.0114356514492923,0.0075195166479255,
59.80000000021755,21.011119603884133,-0.0216531199909904,0.0114143037641801,0.0064120082958763,
59.90000000021792,21.01579320578341,0.0543996822079815,0.0113929560790678,0.005627944675686,
