t,vEgo,aEgo,roll,targetLateralAcceleration,steerCommand
0.0,30.764301300048828,-0.5559641718864441,0.0040811872947665,0.1607081211404996,-0.17482581072914857
0.1000000000058207,30.69741127028381,-0.6049271403640543,0.0045440766029169,0.1795384116566007,-0.18279028510251277
0.2000000000116415,30.63650665964514,-0.5966464413109814,0.0050069659110673,0.1854696272323937,-0.18379266310944647
0.3000000000174623,30.591908508408316,-0.5000687688321795,0.0054698552192177,0.206850109157922,-0.1930527668399292
0.400000000023283,30.54687843427872,-0.4589230008590167,0.0061580253786114,0.2174165975818965,-0.19530580396973804
0.5000000000291038,30.4949347716557,-0.5303599504894005,0.0069712542520758,0.290354789741117,-0.23037946744041654
0.6000000000349246,30.4573357811795,-0.4179831081117654,0.0077350706906184,0.5227749793769659,-0.34801402094203615
0.7000000000407454,30.402016695045983,-0.5005329077084983,0.0081771411776817,0.5519157397791072,-0.3610405837810899
0.8000000000465661,30.35288315542146,-0.4950452146387692,0.008619211664745,0.5546174665989967,-0.3606086199818166
0.9000000000523869,30.285212061515743,-0.6135885408106725,0.0083455114581649,0.5470312468355141,-0.35866492920199633
1.0000000000582077,30.221120838876924,-0.6365027467736087,0.0076634215732909,0.5132650472328143,-0.3453474643423031
1.1000000000640284,30.172525246714628,-0.5216804454664805,0.0070364287934352,0.4969643483848026,-0.3405081582608898
1.2000000000698492,30.11302807472601,-0.5637054220037949,0.0067960173355173,0.4929977578695392,-0.34013484081390866
1.30000000007567,30.07925201932769,-0.4157833688308374,0.0065556058775995,0.4652747094760607,-0.3272685045723012
1.4000000000814907,30.0244522680562,-0.5088368347657799,0.0063231242600326,0.4517582820307989,-0.32182568916785265
1.5000000000873115,29.97892266394397,-0.4797515205385741,0.0060949396106478,0.4576864263789436,-0.3264081106700776
1.6000000000931325,29.909582839889996,-0.6213210182380644,0.0058715763016635,0.4512351853188934,-0.32468524362948276
1.700000000098953,29.85619506729069,-0.5669065130770743,0.005676829884714,0.4163726076786065,-0.3077837046258016
1.8000000001047738,29.80017410427384,-0.5470861735144092,0.0054820834677645,0.4234902307413827,-0.31291947522226665
1.9000000001105943,29.757517403406183,-0.4775550914602934,0.0054422061936673,0.3960404534266215,-0.2989230247512687
2.0000000001164158,29.747712370617,-0.2272090940884207,0.0054933968968132,0.3563476827024187,-0.27759800286359443
2.100000000122236,29.70640185687904,-0.3634038329734683,0.0056111273218215,0.3529284189983249,-0.27540445707538735
2.200000000128057,29.68090975862289,-0.2749378848612283,0.0061120382078783,0.319356255355233,-0.2548665685435207
2.3000000001338776,29.64051139905995,-0.3527101949213749,0.0066129490939351,0.3023784836359132,-0.24324647308079228
2.4000000001396984,29.61947418769291,-0.2508476263131888,0.0069859851701155,0.2482472081163177,-0.2118501437770959
2.500000000145519,29.577562413416167,-0.3699648580525362,0.0072886973297675,0.0858375065470945,-0.1203608503816295
2.60000000015134,29.558316583740137,-0.2530115613891878,0.007535917041516,0.0382140436078811,-0.09234064127146763
2.7000000001571607,29.521955410325223,-0.3148260801069798,0.0074344789578057,0.0332822038889544,-0.09020105685147166
2.800000000162981,29.51066278277569,-0.1769715729360854,0.0073330408740954,0.0295044893899792,-0.0886578410181167
2.900000000168802,29.489878309274697,-0.1986862603241954,0.0069637685166724,0.0267946301777533,-0.0892122351394098
3.000000000174623,29.47809759975961,-0.1555894991809139,0.0064541819531575,0.0211554981096359,-0.08887455596601723
3.100000000180444,29.45760506072484,-0.1772312198126558,0.005969066251166,0.0061563459845898,-0.08314262111463572
3.2000000001862645,29.44821147480456,-0.1344986614148569,0.0056212418001591,-0.0006220379045238,-0.08126114215667722
3.3000000001920853,29.43318841125201,-0.1417662685243111,0.0052734173491521,-0.0060319418547373,-0.08016047857122498
3.400000000197906,29.423886956269182,-0.1161554347514583,0.0051213909900597,-0.0006674383329779,-0.08404531358437538
3.500000000203727,29.415253655359628,-0.0945155037031816,0.0050799378129121,-0.0056155511188344,-0.08149817749353508
3.600000000209548,29.398241437000355,-0.1461182953533894,0.0050296304065028,-0.0095642960075857,-0.07957726128898772
3.700000000215368,29.39200865269065,-0.0922774946035783,0.0049270886433414,0.0062210268459481,-0.08906729227055993
3.800000000221189,29.37696349118357,-0.1414125229014126,0.0048245468801801,0.0016635525461776,-0.08709170791739389
3.90000000022701,29.37585011906964,-0.0467569839065135,0.0043667785238761,-0.002386871253977,-0.08734235956343368
4.000000000232831,29.359307491230936,-0.1307585557672691,0.0037234537903288,0.0007841629987978,-0.09272717876075723
4.100000000238651,29.36229914231029,-0.0141692933433624,0.003174037451642,0.0025702997248592,-0.09676991164784715
4.200000000244472,29.344123204019645,-0.1354266879457581,0.0031809635084087,-0.0032390842585739,-0.09349100461582845
4.300000000250293,29.342381725123776,-0.0432870665243666,0.0031878895651754,0.0023566049517074,-0.09661468045857531
4.400000000256114,29.320073666084884,-0.1679238493258972,0.0032774602731176,0.0090046100852659,-0.09991848818794265
4.500000000261935,29.323139942588963,-0.0418754878236458,0.0034122132621475,0.0178259484269663,-0.10414285525036257
4.600000000267755,29.304311681318804,-0.138762601347697,0.0035237290241423,0.0285562232480025,-0.10962099435949005
4.700000000273576,29.308807893565582,-0.0152585959642537,0.0034886100691184,0.0287240401407456,-0.10989906806824548
4.800000000279397,29.29249481564563,-0.1080024515714927,0.0034534911140946,0.0263363293562606,-0.10878586052861831
4.9000000002852175,29.29691522868247,-0.004744031529908,0.0033988370191497,0.0246701208733298,-0.10813798853714099
5.000000000291038,29.274466589103948,-0.1374138650897742,0.0033324444717918,0.0241327152074523,-0.10825530489197906
5.100000000296859,29.276341069690574,-0.0344139971258048,0.0032068472957019,0.0205119874521767,-0.1069028646119283
5.20000000030268,29.264890127937164,-0.0869481477793912,0.0027117469569217,0.0173241905754924,-0.10787183464188307
5.300000000308501,29.27036073631776,0.002095879161701,0.0022166466181416,0.0142184220327211,-0.10884721515453469
5.400000000314321,29.25849050241128,-0.0817457070971698,0.001920088145978,0.0119000645112945,-0.10920897519305456
5.500000000320142,29.25863832499737,-0.0230856632563707,0.0017306944620533,0.0099295207784796,-0.10914506946518027
5.600000000325963,29.247466166815016,-0.081877478904203,0.0016489466533651,0.0111903257309219,-0.11033621742556826
5.700000000331784,29.24461428898195,-0.0551789896563519,0.0021487109683237,0.0146728691889815,-0.10954135475544081
5.800000000337604,29.23691370265383,-0.0617793652943356,0.0026484752832823,0.0140062008733242,-0.10641420640869305
5.900000000343425,29.241378505530196,-9.416857036061437e-05,0.0029942506748304,0.0230273981473892,-0.1095828761831592
6.000000000349246,29.23856896284413,-0.0147896714983388,0.0032520989482404,0.0195304506028767,-0.10618592875603582
6.100000000355067,29.242154004551114,0.0001737896010249,0.0035395206605992,0.022472048288931,-0.10624652448428307
6.200000000360888,29.234114675000463,-0.0533752728378618,0.0040192184939815,0.0172889220666137,-0.10067609326765506
6.300000000366708,29.22412624430296,-0.088924269179941,0.0044989163273638,0.0206741702597407,-0.09995125599408962
6.400000000372529,29.210495013604387,-0.109656357959747,0.0047693298448116,0.0155765329871469,-0.0955951120966281
6.50000000037835,29.20543376251073,-0.0820862395053338,0.0049200965247594,-0.0060857455191128,-0.08249482167735295
6.600000000384171,29.204481097975897,-0.0356565812551473,0.0050854453071644,0.0009437873536667,-0.08556200186579961
6.700000000389991,29.2033827153143,-0.025701035676623,0.0053511766520355,-0.005007920627733,-0.08071173130851063
6.800000000395812,29.20226140130602,-0.0107951492629909,0.0056169079969066,-0.0168077352288752,-0.07254008397180188
6.900000000401633,29.19840883565401,-0.0438701738171815,0.005775941812871,-0.0084681149639846,-0.0763937285489159
7.000000000407454,29.196212082865426,-0.0182758024347394,0.0058740192402686,-0.0027577430572794,-0.07909140349533327
7.100000000413274,29.186287688166917,-0.0821706180655225,0.0058771892165915,-0.0509562350755046,-0.05170867864746876
7.200000000419095,29.19245636411527,0.0294618943654356,0.0052686770391354,-0.0521920660887241,-0.054393187150041336
7.300000000424916,29.180910606360573,-0.0845157234260372,0.0046601648616793,-0.056081133380624,-0.05558996123082683
7.400000000430737,29.185314319563837,0.0038489556121111,0.0044671642242351,-0.0496222172831003,-0.06033271689288129
7.500000000436557,29.17147482603812,-0.1002648682656054,0.0045053060673535,-0.0519643941538846,-0.058806518975291676
7.600000000442378,29.171065188233307,-0.0292032355867301,0.0045155371064255,-0.0511886606977053,-0.0591910734895572
7.700000000448199,29.16028868880399,-0.0830487999571896,0.0043598736311791,-0.0508021630397068,-0.060293316691947846
7.80000000045402,29.16566819506413,0.0123404866081089,0.0042042101559328,-0.0509433852900956,-0.06107420957956676
7.90000000045984,29.16064610532743,-0.0417104370146996,0.0037238297731448,-0.0430159769619045,-0.06826660291598224
8.000000000465661,29.171192021707693,0.0601903847395814,0.0030724689084023,-0.0477876772973265,-0.06917019115957991
8.100000000471482,29.156697164949176,-0.0701560714821239,0.0024427970520231,-0.0535653220163715,-0.06941914632459532
8.200000000477303,29.155480388395794,-0.0297330224796284,0.0019585510765521,-0.0374523130356595,-0.08127159539727848
8.300000000483124,29.14344926884004,-0.088160443879907,0.001474305101081,-0.0303099713965363,-0.08804356893057637
8.400000000488944,29.15391394371129,0.0414836285982305,0.0010746716688506,-0.0217076995373802,-0.09512425854742333
8.500000000494765,29.14167398633832,-0.0685872631885083,0.0007226850832185,-0.0267534803540862,-0.09424668272794623
8.600000000500586,29.148643252645748,0.0265028126541123,0.0003644884965684,-0.0327705184505114,-0.09281307369261604
8.700000000506407,29.13784314331575,-0.0632120107327859,-3.394144661288473e-05,-0.0165527154020551,-0.10424183559123736
8.800000000512227,29.140398086957003,-0.0031212491903589,-0.0004323713897941,-0.0037797124584985,-0.113676762870816
8.900000000518048,29.128697789834018,-0.0707256337059409,-0.0006492858462927,-0.009643285992655,-0.11159232498105909
9.000000000523869,29.13476477311709,0.0171335864472173,-0.0007681875817574,-0.0030592419574472,-0.11596131638855595
9.10000000052969,29.122276210592634,-0.0570468599495172,-0.000882490632938,-0.0063150406928163,-0.11478570470307384
9.20000000053551,29.12314741150492,-0.017431787096876,-0.0009661392518629,-0.0124468247012997,-0.11177839648529976
9.300000000541331,29.09902247641736,-0.1678087810239959,-0.0010497878707877,-0.0056156367391233,-0.11616885220494287
9.400000000547152,29.091383808506347,-0.115189299313579,-0.0009330076499968,0.0122295133596845,-0.12563284174289283
9.500000000552973,29.07278908549048,-0.1460357978615399,-0.0007008430006017,0.0132230155057369,-0.12495811923302061
9.600000000558794,29.07639783027239,-0.0291353538357216,-0.0004686332056185,0.0160581289173564,-0.12526321307975097
9.700000000564614,29.03971048093936,-0.2440858229628406,-0.0002361424453009,0.0193041383599004,-0.1259102821214508
9.800000000570437,29.02863718975121,-0.1625499252410027,-3.651684983441126e-06,0.0301569910177338,-0.13078995846238672
9.900000000576256,28.997985693039187,-0.2489901299828379,0.0001686745438373,0.0421939294791653,-0.1367293322141478
10.000000000582077,28.98730870829118,-0.1574703161497349,0.0003068740764719,0.0414746264015229,
10.100000000587896,28.963182965633536,-0.2131012773966713,0.0003949578344227,0.0393866154161541,
10.200000000593718,28.95729715471508,-0.1093413842314127,0.0001430353220816,0.0368551250485713,
10.30000000059954,28.93319351825469,-0.1966733370941336,-0.0001088871902593,0.0339340885871357,
10.40000000060536,28.93120683910593,-0.0790966499800242,-0.0005542769168421,0.0312933628615654,
10.50000000061118,28.907873613686203,-0.1807360294378009,-0.001104212095539,0.0288856261014412,
10.600000000617,28.905647464501847,-0.0803362032383149,-0.0016042619337101,0.035138248652585,
10.700000000622822,28.878404141974062,-0.2108450246844571,-0.0017845348773768,0.0347556151981376,
10.800000000628645,28.868785256797725,-0.1341089002691833,-0.0019648078210435,0.0349697063799784,
10.900000000634464,28.85015206450711,-0.1548036341504403,-0.002037420346075,0.0238144034393452,
11.000000000640284,28.83709990194153,-0.128381468616917,-0.0020518115650852,0.0231150507646362,
11.100000000646103,28.818225360849645,-0.1756262333439865,-0.0019824615469002,0.0153279259381535,
11.200000000651926,28.808768068515967,-0.1273483429773486,-0.00146370223725,0.0198978329894328,
11.300000000657748,28.783470984830387,-0.2004734139710765,-0.0009449429275997,0.0227886200569819,
11.400000000663567,28.77879626956464,-0.1044986531517022,-0.0005510209731404,0.0278317313018479,
11.500000000669388,28.74779560872781,-0.2347171943960538,-0.0002240777761998,0.0311599202086476,
11.600000000675209,28.741616212226088,-0.1218347430636889,6.946137890303796e-05,0.0325629014140692,
11.70000000068103,28.71269492160646,-0.2277893203019303,0.0001649300817667,0.0322420697698571,
11.80000000068685,28.70497612906058,-0.122009505105323,0.0002603987846305,0.0343295263289475,
11.900000000692671,28.680785218221715,-0.1983034621685876,0.0001428915618781,0.0338298662873769,
12.000000000698492,28.677454808516615,-0.0904753739800875,-8.8957738561867e-05,0.0315408522773916,
12.100000000704313,28.6462673007128,-0.2358335312788343,-0.0002708209732963,0.010020505594137,
12.200000000710132,28.636978207331367,-0.1420638085367061,-0.0001720008061841,-0.0194239863697919,
12.300000000715954,28.61155099654953,-0.2179475174411781,-7.31806390719811e-05,1.1038941879504817e-05,
12.400000000721777,28.599119163725074,-0.1512735199343931,0.000148900830317,0.002069375839669,
12.500000000727596,28.57447263821556,-0.2114304721025088,0.0004388985503133,-0.01458620923333,
12.600000000733417,28.568748305208644,-0.1166929109496374,0.000620089622072,-0.0012503311419283,
12.700000000739236,28.54443298346664,-0.1980607702137201,0.0001140421990953,-0.0001421196978156,
12.800000000745058,28.53346650151036,-0.1368215141079627,-0.0003920052238813,-0.0009868767702611,
12.90000000075088,28.509245948489305,-0.2136542055443921,-0.0008575497722766,-0.0133379875876636,
13.0000000007567,28.495277444677864,-0.1596024275220363,-0.0013016240466907,-0.0269195869278369,
13.10000000076252,28.49068200997799,-0.083718301809803,-0.0015967959282021,-0.0383126988753052,
13.20000000076834,28.49708745501979,0.0266813959122036,-0.0008971449167652,-0.0579739259767475,
13.300000000774162,28.45816001063571,-0.2395761327198822,-0.0001974939053284,-0.0564922859557133,
13.400000000779984,28.39234693995269,-0.5979420773626569,0.0003238513978693,-0.0452830367598272,
13.500000000785803,28.34469930709072,-0.5204110248848032,0.0007401517382629,-0.0478254309464956,
13.600000000791624,28.307424074337693,-0.3896294976351859,0.000938117836153,-0.0772714655145123,
13.700000000797443,28.33109073291989,0.0383729993447342,-0.0002617653869502,-0.1258881747486108,
13.800000000803266,28.343565231992923,0.0490909884490634,-0.0014616486100534,-0.1222583367274018,
13.900000000809086,28.37876285760396,0.214634309173048,-0.0024879441763044,-0.1329300580131535,
14.000000000814907,28.34011145130112,-0.1934432865557561,-0.0034156557234493,-0.1403374511021637,
14.100000000820728,28.299799278692756,-0.3067537925872478,-0.0041253177432207,-0.1540941205630333,
14.200000000826549,28.27536891381585,-0.2503213106059573,-0.0035912378072633,-0.1534129042739648,
14.30000000083237,28.284066287339822,-0.0280963322495077,-0.0030571578713058,-0.147402741931323,
14.40000000083819,28.295704770757077,0.0543319102426784,-0.0023611473493479,-0.1492908678391727,
14.500000000844013,28.299942910292376,0.049896530918216,-0.0015713399088445,-0.144055058107528,
14.600000000849832,28.285623204433303,-0.1090855212273861,-0.0008077980168594,-0.1389673716812943,
14.700000000855653,28.270517502793496,-0.1423210386297653,-0.000208201014133,-0.1337460062064916,
14.800000000861472,28.260366465215355,-0.1212681296652125,0.0003913959885933,-0.1282446159834388,
14.900000000867294,28.246685221395328,-0.1109345739831901,0.001201870486413,-0.1395209466797411,
15.000000000873117,28.246838247251112,-0.0453327868644848,0.002125982943115,-0.1296052181203023,
15.100000000878936,28.24450682605277,-0.031785971961493,0.0029371479487503,-0.1328742393735131,
15.200000000884756,28.25057345897366,0.0336196849310857,0.0030134073241505,-0.1420607183737712,
15.300000000890575,28.226100087557743,-0.1510094844265301,0.0030896666995506,-0.1544226610722853,
15.400000000896398,28.22147027160032,-0.070280018564606,0.003668756602545,-0.1552991294023873,
15.50000000090222,28.189985456508257,-0.2294531643976404,0.0045331371125001,-0.1537789138299249,
15.60000000090804,28.195376659788035,-0.0318942047250987,0.0054003017153255,-0.1574998206357446,
15.70000000091386,28.192877853922926,-0.0282051956357635,0.006285087395788,-0.1501213419728595,
15.80000000091968,28.192052730784933,-0.0152147303031497,0.0071698730762505,-0.1531292967048384,
15.900000000925502,28.17308453481472,-0.1549329554717799,0.007727948437932,-0.1486499376308803,
16.000000000931323,28.161683194850863,-0.1082638398916762,0.0081151064355524,-0.1457007774994618,
16.100000000937143,28.135672731695987,-0.2079754139716879,0.0083763909848934,-0.1447766471680135,
16.200000000942964,28.113307745732914,-0.2235534531515389,0.0079318718196824,-0.1534917089167843,
16.300000000948785,28.090863779865,-0.2058749337795292,0.0074873526544715,-0.1625518487251648,
16.400000000954606,28.071802805211806,-0.2005068884508512,0.0065023978880326,-0.195404129626132,
16.500000000960426,28.068269109521783,-0.0924216330094051,0.0052079512289607,-0.210783252100464,
16.600000000966247,28.047432533276464,-0.165796363805131,0.0039915835981071,-0.2166029814140727,
16.700000000972068,28.04397685434245,-0.0995587166123502,0.0032833773150676,-0.2218497448586384,
16.80000000097789,28.02003455910686,-0.1946301916297431,0.0025751710320281,-0.2282717895739077,
16.90000000098371,28.00105935384503,-0.1957323747521319,0.0023922279990724,-0.2318110514825507,
17.00000000098953,27.9780104058328,-0.22654857862647,0.0025224922849931,-0.2336935203931668,
17.10000000099535,27.96471782907191,-0.1492060269490588,0.002738950517953,-0.2319644504063162,
17.20000000100117,27.95005717001715,-0.1537480837926452,0.0035191608521552,-0.2255819762439161,
17.300000001006993,27.94182872975168,-0.1084107904408131,0.0042993711863574,-0.2202179604847936,
17.400000001012813,27.940965674980177,-0.034283977620276,0.0050376590527512,-0.2158629135099596,
17.500000001018634,27.91246853095808,-0.1977311866834853,0.0057520798925632,-0.2094382224662681,
17.600000001024455,27.90601285276596,-0.1154400746042488,0.0062539647129785,-0.2022081763823451,
17.700000001030276,27.871594424576987,-0.2613113740758858,0.0053547203683918,-0.2002784825037175,
17.800000001036096,27.856676411868477,-0.1800976367374153,0.004455476023805,-0.2013680403677827,
17.900000001041917,27.83792212861944,-0.1892497257133274,0.0039845188997252,-0.2071238796575719,
18.000000001047738,27.82580885950152,-0.1447698924187837,0.0037594005871017,-0.2114046390757233,
18.10000000105356,27.800725504617454,-0.2155524409187135,0.0036744322605747,-0.2110971952967229,
18.20000000105938,27.775791213415165,-0.2396110741450531,0.0044851765683391,-0.2092221651672852,
18.3000000010652,27.74838105768438,-0.2488595337517989,0.0052959208761035,-0.1855504938705161,
18.40000000107102,27.714414876879516,-0.3339666495099875,0.0056812101970598,-0.1892338688079932,
18.50000000107684,27.705320255940418,-0.1638088392936418,0.0058221220112451,-0.186086837155399,
18.600000001082662,27.676949289774893,-0.2401192741274447,0.0058705200827858,-0.1812855457881956,
18.700000001088483,27.6567790279139,-0.2087043675190333,0.0054357500509673,-0.1903652246246503,
18.800000001094304,27.63002077636593,-0.2507453114604096,0.0050009800191488,-0.197273962226767,
18.900000001100125,27.60632632980701,-0.252969216361675,0.0049551054472062,-0.1990531906030362,
19.000000001105946,27.59448015579093,-0.1581854146965847,0.0051347978354925,-0.2017705219278446,
19.100000001111766,27.565087499819956,-0.2537328417122014,0.0052352599865707,-0.1938163030292488,
19.200000001117587,27.53905542931492,-0.2612484958072265,0.0048933638790147,-0.1858478414442917,
19.300000001123408,27.496802048982367,-0.3584476867202713,0.0045514677714586,-0.186243957298523,
19.40000000112923,27.45700362495886,-0.3935054305680379,0.0039590696680675,-0.1845234897216026,
19.50000000113505,27.421557316847966,-0.3612802055423043,0.0032293504776501,-0.1836042259379594,
19.60000000114087,27.397297235699877,-0.2648896820654703,0.0025421275210664,-0.1765614895939505,
19.70000000114669,27.388468964783904,-0.1596079562955492,0.0020945604068532,-0.1812464717106457,
19.80000000115251,27.385984963582988,-0.0562896947987351,0.00164699329264,-0.1765602387801806,
19.90000000115833,27.39826641437487,0.0531968010300462,0.0011395757863048,-0.1796494104314175,
20.000000001164157,27.37575615212213,-0.1380699260145058,0.0005999549284305,-0.1641322380072191,
20.10000000116997,27.351560356554558,-0.1997637123051718,6.490557918705392e-05,-0.149608007035281,
20.200000001175795,27.32989868834577,-0.2330275188194212,-0.0004453030652048,-0.1450051837396417,
20.300000001181616,27.302045395350653,-0.2503609313875429,-0.0009555117095967,-0.1122782372589014,
20.40000000118744,27.29096062106922,-0.1549103058673161,-0.0011605383986436,-0.1158436942886174,
20.500000001193257,27.275475264816755,-0.1659505975561907,-0.0011876968788169,-0.1182343305133038,
20.60000000119908,27.274556560772,-0.0669610295767093,-0.0011552963668313,-0.1120394222874134,
20.7000000012049,27.247041817928675,-0.2106958668758636,-0.0007536928739675,-0.0413481614970322,
20.80000000121072,27.21641548201395,-0.2834274388181981,-0.0003520893811036,0.0272017145592447,
20.90000000121654,27.198755962525887,-0.2135646791069422,-9.755592014828244e-05,0.0253772780250844,
21.00000000122236,27.179399838197742,-0.1807584903486831,7.173261950548532e-05,0.0166964641991711,
21.10000000122818,27.18507047684446,-0.02266826761912,0.0002524613307815,0.0277588916615794,
21.200000001234,27.186428058414208,-0.0078698501506519,0.0004962430925641,0.0265295169044856,
21.300000001239823,27.18898315043777,-0.0009350243008819,0.0007400248543466,0.0256617669765691,
21.400000001245644,27.18374331311052,-0.0266163572104814,0.001033443182899,0.0265694026828418,
21.500000001251465,27.16435295735292,-0.1447227764508412,0.0013547427445228,0.0275403572464509,
21.600000001257285,27.1537636472225,-0.1080271919819128,0.001629370274368,0.0106064566339204,
21.700000001263103,27.12982823067227,-0.193392226407511,0.0016410661103863,0.0032331265851863,
21.800000001268927,27.12077416325504,-0.1224817700642451,0.0016527619464046,-0.0067906518584028,
21.900000001274748,27.10999097986308,-0.1066201566105283,0.0014084750757925,-0.016790704588855,
22.00000000128057,27.096924101477768,-0.1278129585839171,0.0010203778975266,-0.0271378094781017,
22.10000000128639,27.09324133843919,-0.0597453999371694,0.0007402223183588,-0.0352515472102728,
22.20000000129221,27.07628825252268,-0.1388787536951791,0.0011731534743984,-0.0300015177806739,
22.30000000129803,27.07632114766863,-0.0454620695040947,0.001606084630438,-0.0223749912915732,
22.40000000130385,27.075822588188636,-0.0153682358539966,0.0018751859496827,-0.0146181803039982,
22.500000001309672,27.06744376160095,-0.0603811035092343,0.0020536368419859,-0.0439976382759978,
22.600000001315493,27.07321898141565,0.0166684418972814,0.0021939194124405,-0.0589917774218423,
22.700000001321317,27.06243995369136,-0.0624398333811306,0.0020976196014445,-0.0907182969963986,
22.80000000132713,27.060199965551533,-0.0253931559765491,0.0020013197904486,-0.1126140928993999,
22.900000001332955,27.0597393478016,-0.0073581059034423,0.0019533222915743,-0.1582896218132243,
23.000000001338776,27.05712325389312,-0.0212891585219211,0.001931384198329,-0.1564919284411384,
23.1000000013446,27.064641895313176,0.0465192720517334,0.0019003117433317,-0.1706489799158049,
23.200000001350418,27.06784005983715,0.0389724515329818,0.0018186418834219,-0.1664573252368611,
23.30000000135624,27.072677514168134,0.0422403528300127,0.0017369720235121,-0.1835105460776457,
23.40000000136206,27.076434697852104,0.0431284574915509,0.0013495435291433,-0.1928921508146456,
23.50000000136788,27.06782136941901,-0.039499729300155,0.0007946076275899,-0.2038107640652934,
23.6000000013737,27.072192248426493,0.0142581443817678,0.0003200108696655,-0.2058405456697932,
23.70000000137952,27.05539992757148,-0.1027500303095775,0.000326216562946,-0.2166196709492384,
23.800000001385342,27.061642651325133,0.0081720130661981,0.0003324222562264,-0.2250080600007306,
23.900000001391163,27.06384339324809,0.0222235856960355,0.0004342703510905,-0.2241331857327417,
24.000000001396984,27.0652998113976,0.0150121588500022,0.0005890981813034,-0.2221039375598335,
24.100000001402805,27.08200788433977,0.1168553557203468,0.0006984595677559,-0.2215149375683985,
24.200000001408625,27.076746226173253,-0.0051369988444631,0.000537465595767,-0.222682815196761,
24.30000000141445,27.08123469310156,0.0246079043684687,0.000376471623778,-0.2233402109986043,
24.400000001420267,27.07858337678589,-0.0037569621258524,0.0001764085076019,-0.213978209317758,
24.500000001426088,27.08174503535744,0.0107760552963042,-4.427408635982522e-05,-0.2131575848143982,
24.60000000143191,27.09996817310487,0.1288478051372457,-0.0002641143528412,-0.1957474794768276,
24.70000000143773,27.106309667747837,0.0793270303148182,-0.0004785220575522,-0.1975849103551397,
24.80000000144355,27.12774352408212,0.1701686499929608,-0.0006929297622632,-0.1988324460035986,
24.90000000144937,27.13907232161216,0.1335327509282961,-0.000480654646834,-0.1953741868586305,
25.00000000145519,27.141691038796505,0.0634244039926461,-3.461241376042466e-05,-0.1811737879944736,
25.10000000146101,27.155148638087063,0.1123787277316372,0.0003968513664698,-0.1758533007817203,
25.200000001466837,27.15155773914384,0.0211894358405369,0.0007339273213097,-0.169867066651455,
25.30000000147265,27.164997044869637,0.0972379840170916,0.0010710032761495,-0.1661279959563827,
25.400000001478475,27.17775381380362,0.1139700149446348,0.0011433669951936,-0.1659208531990224,
25.500000001484292,27.19918014393789,0.1762571374286786,0.0010699890278187,-0.1656023557564825,
25.60000000149012,27.2182395807784,0.18200411373945,0.0008778203845231,-0.1658735532549301,
25.700000001495937,27.216689644592467,0.0491735876796606,4.3548076976657386e-05,-0.1689341008374421,
25.80000000150176,27.224356983778065,0.0779815244345245,-0.0007907242305698,-0.1743140262339985,
25.90000000150758,27.22635369278817,0.0354131198579474,-0.0012289034587591,-0.1608214849926843,
26.0000000015134,27.238289810104376,0.1008773606822776,-0.0014399117311309,-0.1665565532954759,
26.10000000151922,27.25404021993901,0.1356830125454109,-0.0015731858432277,-0.1782372791976031,
26.20000000152504,27.26395527812644,0.1009935568898122,-0.0012025090158654,-0.1689245951639594,
26.30000000153086,27.279184272895503,0.1358925707719541,-0.0008318321885032,-0.1682358588369102,
26.40000000153668,27.28614626506897,0.0981783556411826,-0.000527192548319,-0.167684496221882,
26.500000001542503,27.30092656807335,0.1322468173373423,-0.0002605597061185,-0.148550661335426,
26.600000001548324,27.314448139258403,0.1399309694212502,3.184495487765757e-05,-0.1431874600852108,
26.700000001554145,27.324472456077043,0.1031432075833958,0.0004882403106626,-0.1097947371982473,
26.800000001559965,27.34785770306646,0.195767812618807,0.0009446356664477,-0.0907013203350353,
26.900000001565783,27.34820136718659,0.0686110054757282,0.0007056609895634,-0.0853360178554368,
27.000000001571607,27.366851028396454,0.1406305770611962,6.793689083383497e-05,-0.0906110448586383,
27.100000001577428,27.376480794167747,0.1184751856154474,-0.0004450421699685,-0.0870355303140799,
27.20000000158325,27.38073153612059,0.0627025004422656,-0.0001581744405663,-0.089783960656927,
27.30000000158907,27.390525616174298,0.0921099838427263,0.0001286932888357,-0.0902037074458045,
27.40000000159489,27.390691213268283,0.0408934695370863,0.0004358350396003,-0.0786356714721518,
27.50000000160071,27.40786343697926,0.1215465719741198,0.0007547680451451,-0.0758358297838177,
27.60000000160653,27.41036367773783,0.0566386256569984,0.000988080813564,-0.054564275582657,
27.700000001612352,27.42746675037863,0.1270604268054762,0.000648196868262,-0.0455910534671791,
27.800000001618173,27.441786358199053,0.1345589612934073,0.0003083129229601,-0.0296823672650076,
27.900000001623997,27.44690336366639,0.0793161135528176,2.925009269602384e-05,-0.0153555331876303,
28.00000000162981,27.461027089061037,0.121639704487535,-0.0002167466388464,0.0058116989590612,
28.100000001635635,27.46037724542399,0.0400327348973615,-0.0004690475947267,-0.0002413599014258,
28.200000001641456,27.46214461930124,0.021233610409891,-0.0007582083390332,-0.0049278282613418,
28.30000000164728,27.45691726723319,-0.0313331132512015,-0.0010473690833398,-0.0089979697703141,
28.400000001653098,27.450626801791586,-0.052526298798907,-0.0008889232744533,-0.0135218852644125,
28.50000000165892,27.448993826780946,-0.0249230062296464,-0.0004761602131964,-0.0109320797089947,
28.60000000166474,27.444639552697016,-0.0378354262654719,-6.757983883491152e-05,-0.0043618933796704,
28.70000000167056,27.457040688163524,0.0674947629949344,0.0003180276625134,0.0006777462185643,
28.80000000167638,27.459712275001632,0.0404175885031536,0.0007036351638618,0.0042872300258518,
28.9000000016822,27.48659376395332,0.1888069837572496,0.0011254044819543,-0.0022105266209647,
29.000000001688026,27.4973718039176,0.1281165995779599,0.0015666473264056,-0.0391296299527215,
29.100000001693843,27.50131207105821,0.0636158314586313,0.0019709555320952,-0.0393664349631964,
29.200000001699664,27.510022209887275,0.0786928045015291,0.0021806128680839,-0.0471427952008874,
29.300000001705484,27.5040019059229,-0.0167488070974261,0.0023902702040726,-0.0476002461575807,
29.400000001711305,27.51099760395933,0.0655288744145217,0.0022388152689319,-0.0581709363216815,
29.50000000171713,27.51002348116622,0.0075831827681877,0.0018827347486523,-0.0671611367539163,
29.600000001722947,27.51442028872756,0.0135518845254564,0.001619068591926,-0.0792915056051604,
29.700000001728768,27.51408106996974,0.0083846221366276,0.0019394163755077,-0.0793255556793344,
29.80000000173459,27.50531682409768,-0.0561365904795032,0.0022597641590895,-0.076414183017733,
29.90000000174041,27.513810882020582,0.0386160123374344,0.0031282028633407,-0.0768006076836496,
30.00000000174623,27.5091815867628,-0.0076789488683655,0.0043078976188836,-0.0745317756026463,
30.10000000175205,27.52686997675701,0.1008684821817593,0.0053991327041028,-0.0640176569961594,
30.20000000175787,27.523037066907467,0.0055558177004582,0.0059452566341582,-0.0659574519561796,
30.30000000176369,27.52629158513829,0.0221499135249333,0.0064913805642136,-0.0723203754973008,
30.400000001769516,27.525864995422456,-0.0056106590717214,0.0064948658753388,-0.077236202897988,
30.500000001775334,27.52416313486618,-0.0073022533847604,0.0061794204714204,-0.1022365269169031,
30.600000001781154,27.541629367737087,0.1145793880191061,0.0059466489299184,-0.1443658833348227,
30.70000000178697,27.53932913248697,0.0258721831158342,0.0062249459849902,-0.1537265945757996,
30.8000000017928,27.5476058493601,0.0633223278238965,0.006503243040062,-0.2376228985392024,
30.900000001798617,27.547854109519903,0.0208192282316791,0.0069881326407223,-0.2697250033135689,
31.00000000180444,27.557051407870176,0.0735480622013919,0.007582916426383,-0.2641867561315626,
31.10000000181026,27.56537897019389,0.0829777048943916,0.0081308428850495,-0.3037768832314041,
31.20000000181608,27.56504882683421,0.030543061154807,0.0084072628551334,-0.3425969450161391,
31.3000000018219,27.569792007303537,0.0492760610915205,0.0086836828252173,-0.3484205104826164,
31.40000000182772,27.558215640803848,-0.0688333758970102,0.0088282546898064,-0.3486168618256733,
31.50000000183354,27.5602222320846,-0.006392656801352,0.0089011379832227,-0.3389287671991341,
31.60000000183936,27.552241536411355,-0.0604955404920244,0.0089451570976545,-0.3388500298125665,
31.700000001845183,27.55496576515614,-0.0128285826573829,0.0088180356563378,-0.3388432712251005,
31.800000001851004,27.565640082002226,0.0745531040794788,0.008690914215021,-0.3398387460932316,
31.900000001856824,27.56518065036328,0.0093048656814311,0.0086432855348569,-0.3151993541962645,
32.000000001862645,27.57966432873701,0.1074466711619685,0.0086403014226752,-0.3097945357229525,
32.100000001868466,27.561189350331105,-0.0810167621088224,0.0086653074776659,-0.3136549976451246,
32.20000000187429,27.561790988600027,-0.0314173844292812,0.0088747685842597,-0.3016273714497436,
32.30000000188011,27.557494818670136,-0.0302451659965047,0.0090842296908534,-0.2709349935721227,
32.40000000188593,27.5574350572232,-0.0038006982496365,0.0094238685106098,-0.2395529368026187,
32.50000000189175,27.56421284681007,0.0493778805571048,0.0098395708112327,-0.1423728692703587,
32.60000000189757,27.55065999050828,-0.0628437724009103,0.0102352678391545,-0.0916087683312036,
32.70000000190339,27.559452009182085,0.0305059574357983,0.0104986953711596,-0.0840168605667428,
32.80000000190921,27.5568475727347,-0.0059347656082758,0.0107621229031646,-0.0480062118357135,
32.90000000191503,27.5564277023032,-0.0068013227054211,0.0107786523318614,0.0512118027792797,
33.00000000192085,27.55764148913366,-0.0104927900070448,0.0106568349124019,0.0486572472254635,
33.100000001926674,27.55265128584225,-0.0267138233919964,0.0105057946597249,0.0477091636068111,
33.200000001932494,27.55336786886533,-0.0041579149327161,0.0101679282860769,0.0460455648258681,
33.300000001938315,27.554394770727765,0.0159045637996357,0.0098300619124288,0.0454324336038507,
33.400000001944136,27.556227942940307,0.024573296791626,0.0096616908454414,0.0446604380304307,
33.50000000194996,27.547302063058865,-0.0554611214480591,0.0095882888245566,0.0445359599026442,
33.60000000195578,27.559254398508987,0.069586664691795,0.0094699009198472,0.0457686360166004,
33.7000000019616,27.562342768284616,0.039919419142382,0.0090749092445901,0.0444380884173974,
33.80000000196742,27.57155047103905,0.0727865589496078,0.0086799175693329,0.0411424382118639,
33.90000000197324,27.573299616091063,0.0508426446174543,0.0084424895630435,0.0361230626861103,
34.00000000197906,27.5694948818002,-0.027382213770904,0.0082894881952081,0.0230616716425302,
34.10000000198488,27.576993041737527,0.0498314339393313,0.0081265578207599,0.015228652326316,
34.2000000019907,27.571141996718616,-0.0183731586566245,0.007898895520327,0.0184784742260182,
34.30000000199652,27.59275863079583,0.1243639434735971,0.0076712332198941,0.0193186373595217,
34.40000000200234,27.60032359188646,0.0914853657395709,0.0075020557051518,0.0151965275638998,
34.500000002008164,27.604182043423958,0.0524760511148641,0.0073668934973655,0.0001699333725882,
34.600000002013985,27.616263088632003,0.1094676533511128,0.0072660930727882,-0.0021994756568737,
34.700000002019806,27.60039430212656,-0.0682052870325449,0.0073733293795126,-0.0012118190239109,
34.80000000202563,27.6134382535312,0.0554769585556298,0.007480565686237,0.0019120312359549,
34.90000000203145,27.60927897363317,0.0038144451174232,0.0074358489866562,0.0050928942191604,
35.00000000203727,27.615394759909744,0.0343933270147859,0.0073102437601968,-0.0005166075810439,
35.10000000204309,27.625441407164125,0.075697893550423,0.007172811405724,0.0021174441895493,
35.20000000204891,27.62165146754928,0.0085234044018117,0.0069658553311106,-0.0148966159170445,
35.30000000205473,27.632341327209016,0.0690673269842923,0.0067588992564971,-0.0128894117148319,
35.40000000206055,27.638075127399816,0.0610670048654698,0.006592928181282,-0.0110595347495116,
35.50000000206637,27.65348676622844,0.1284624641893871,0.0064508247055041,-0.0190033728113932,
35.60000000207219,27.66224702468708,0.0858573653887244,0.0063299424208052,-0.0277513466312339,
35.70000000207801,27.674669890492883,0.1025258020220934,0.0063390181907698,-0.0362725250206787,
35.800000002083834,27.67582571527011,0.0279628064234698,0.0063480939607344,-0.0363295367927752,
35.900000002089655,27.676957576406043,0.0255441302530997,0.0065079926936295,-0.0444473750338745,
36.00000000209548,27.683872225872413,0.0749704504004409,0.0067523822109853,-0.0420528231400646,
36.1000000021013,27.684000062714617,0.0257695538931467,0.0070407452513831,-0.0455199674354092,
36.20000000210712,27.70907048516432,0.1810158586936388,0.0075890249471744,-0.0385175034876169,
36.30000000211294,27.709183818039364,0.054944850554326,0.0081373046429657,-0.0313528751493088,
36.40000000211876,27.722724203260345,0.1070684717435082,0.0082280480982194,-0.037773617826391,
36.50000000212458,27.716675718874548,0.0053083907525675,0.0080710696429459,-0.0376526827197296,
36.6000000021304,27.72012437506819,0.0098153839675007,0.0078694810393011,-0.0389007972714881,
36.70000000213622,27.73181318232698,0.0789967689181709,0.0074181880541184,-0.0433891347624354,
36.80000000214204,27.736935552189784,0.057613657895032,0.0069668950689357,-0.0520378626314501,
36.90000000214786,27.75410821290627,0.136673253920178,0.0064333607361649,-0.0595280634141566,
37.00000000215368,27.74939557818264,0.0175679096231581,0.0058540750784907,-0.0638431117209344,
37.100000002159504,27.762466784452307,0.0936088966707251,0.0052937837418898,-0.0655953484441579,
37.200000002165325,27.755494773085665,-0.0204684767820649,0.0048551916504392,-0.0592011158975814,
37.300000002171146,27.758367246706005,0.012877577238217,0.0044165995589886,-0.0630765536613702,
37.40000000217697,27.76232574051378,0.0341185584054518,0.0044355331285451,-0.054913597424173,
37.50000000218279,27.773490372276125,0.0792770890651258,0.0047033328587787,-0.0454814746379304,
37.60000000218861,27.786320615959404,0.1236812413569847,0.0049980306963039,-0.0519168358893635,
37.70000000219443,27.79222911080261,0.0710130658173395,0.0054671054543186,-0.0313382012555647,
37.80000000220025,27.805984395132317,0.1192828964273198,0.0059361802123332,-0.0321776298711295,
37.90000000220607,27.798254426381504,-0.0199449941415692,0.0060948506828711,-0.0217558529489682,
38.00000000221189,27.803360494717875,0.0293164650778597,0.0060918480432794,0.0142387105218098,
38.10000000221771,27.798190789928,-0.022230265864317,0.005948596781001,0.0096415774883244,
38.20000000222353,27.798818889199836,-0.0059510477501653,0.0049626805335443,0.0033379895336072,
38.30000000222935,27.798946339791826,0.0011564341041386,0.0039767642860876,-0.0064013606137683,
38.40000000223517,27.79745406832936,-0.0068245486523916,0.003584379518381,0.0217175551963837,
38.500000002241,27.814674435097565,0.1255548684815447,0.0035398637882244,0.0437979979148889,
38.600000002246816,27.816126454116603,0.0503158245912554,0.0035898400547076,0.0434655047122915,
38.70000000225264,27.831428478396745,0.1178107766120618,0.0041665552133397,0.047363288957779,
38.80000000225846,27.832692151160007,0.0475483678541795,0.0047432703719717,0.0573263026349821,
38.90000000226428,27.84637456927221,0.1053559353058162,0.0046780857274833,0.0738397266173992,
39.0000000022701,27.847790473488047,0.0358094881264783,0.0042738572082085,0.0695939373786576,
39.10000000227592,27.858815372573435,0.0959045067809049,0.0038026291189251,0.0635262116933734,
39.20000000228174,27.87019967816226,0.1284240808448899,0.002952386056372,0.0562078474799522,
39.30000000228756,27.88299950397932,0.1219070707791072,0.0021021429938189,0.0607613643827873,
39.40000000229338,27.90445452936978,0.1756446844888185,0.0014865375603428,0.0576624802324474,
39.5000000022992,27.90576854041945,0.0686376908014329,0.0010015763599422,0.053968960713931,
39.60000000230502,27.92020161079021,0.1144218005846828,0.0006105463233684,0.0490449352153719,
39.70000000231085,27.916317188439223,0.0130816649314342,0.0007516758315388,0.0478127567654856,
39.800000002316665,27.927371336689347,0.0834141143401641,0.0008928053397092,0.0504722522435886,
39.900000002322486,27.941972914262013,0.1241248016276275,0.0011786136460189,0.050951157394149,
40.00000000232831,27.955368697851487,0.1281076179738271,0.0015387354034178,0.0527367552881535,
40.10000000233413,27.973282787539453,0.1754632161236741,0.0018802480653156,0.0546833775141658,
40.20000000233995,27.982867078188608,0.1227492324785514,0.0020921807597287,0.0480335183130868,
40.30000000234577,28.00670103690122,0.1933431917071795,0.0023041134541419,0.0329753904223032,
40.40000000235159,28.00650750363717,0.0715927296164956,0.0026354243167737,0.0277798887247454,
40.50000000235741,28.02845437560158,0.1653674202549102,0.0030330385913626,0.0228413103968011,
40.60000000236323,28.036809265334885,0.1138155609432066,0.0034492707645278,0.0174215409243355,
40.70000000236905,28.051324966055507,0.1351139527369204,0.0039815227222202,0.024793847794023,
40.80000000237487,28.05645368986535,0.083562815635809,0.0045137746799126,0.0127146246297418,
40.90000000238069,28.0802649360388,0.1789196920669287,0.0048578000817594,0.0016199032118671,
41.000000002386514,28.099431239261538,0.1906848941910658,0.005093380143814,0.0074294702008022,
41.100000002392335,28.12275794313216,0.2266927581830001,0.0052776466775094,-0.0269632033688513,
41.20000000239816,28.1447595331428,0.2248346506254759,0.0051562098252739,-0.0697024180285362,
41.300000002403976,28.154080060925303,0.13032745563493,0.0050347729730385,-0.0754613166013903,
41.4000000024098,28.18536670296713,0.2621989564275663,0.0051555939870273,-0.0840794442380375,
41.50000000241562,28.192415436393627,0.132476639354396,0.0054149196782934,-0.0809777597795032,
41.60000000242144,28.22809086171284,0.2697312929642536,0.0057208228446517,-0.0846750604149303,
41.70000000242726,28.2446483682537,0.2123965052869409,0.0063134926547717,-0.0960400319848429,
41.80000000243308,28.27098747045902,0.2521802765805105,0.0069061624648918,-0.0882709099625891,
41.9000000024389,28.28578818805452,0.1697931561972859,0.0074321984316965,-0.0805446079840631,
42.00000000244472,28.300985244558035,0.1648589091805818,0.0079205002575881,-0.0750729523909908,
42.10000000245054,28.31568109079936,0.1400943541681594,0.0082597084084583,-0.0723193725581349,
42.20000000245636,28.325364847944574,0.1286973614191299,0.0077561455965421,-0.0737014946969596,
42.30000000246218,28.342289230183336,0.1521668366685206,0.007252582784626,-0.0761161743974678,
42.400000002468005,28.371477736477036,0.2346747032829738,0.0072374639232419,-0.0775713883130741,
42.50000000247383,28.399547216003388,0.2643032162569748,0.0074907927334275,-0.0776929238564836,
42.600000002479646,28.416315683896244,0.2023972449644623,0.0077533698242402,-0.0686440121083158,
42.70000000248547,28.43617675498444,0.1973629181105171,0.0080794114369144,-0.0579154578462308,
42.80000000249129,28.430828486954383,0.0368679508069906,0.0084054530495886,-0.047730821462691,
42.90000000249711,28.44688823094054,0.111787895861425,0.0081830335190659,-0.0477147188960393,
43.00000000250293,28.4561680793312,0.0990074109942626,0.0076511124891687,-0.0398959753509355,
43.10000000250875,28.483438378057222,0.2138455129173992,0.0071886508642701,-0.0327197697769217,
43.20000000251457,28.503654700277373,0.1892402099088411,0.0071401985727423,-0.0347720749913579,
43.30000000252039,28.534304064992355,0.273561754389547,0.0070917462812145,-0.0103264631080672,
43.40000000252621,28.543202919768827,0.149573290505402,0.0066884024684851,-0.0154673542655964,
43.50000000253203,28.56707076543783,0.2121248274034148,0.0060991408098359,-0.0030383767032134,
43.600000002537854,28.56346129215618,0.0324276176563719,0.0055309222845258,-0.0011317629212978,
43.70000000254368,28.580469422887628,0.1145497918978289,0.0050972355256839,-0.0073708440778563,
43.800000002549496,28.575126023873292,0.004358403258467,0.004663548766842,-0.0016743561382735,
43.90000000255532,28.599853437273147,0.1594702868299589,0.0040139396201498,-0.0063820003546516,
44.00000000256114,28.59853113096453,0.0670903343207872,0.0032534344233321,-0.0125181702576449,
44.10000000256696,28.609209174570186,0.0835708647083489,0.0026579979323435,-0.0175233082089893,
44.20000000257278,28.61152025735971,0.0417707747722558,0.0030153621449818,-0.0139631773266777,
44.3000000025786,28.611293573689043,0.0080518901616556,0.0033727263576201,0.0019039072572465,
44.40000000258442,28.61574581011881,0.0344008583035626,0.003485375870112,0.0199777331517355,
44.50000000259024,28.611597267682654,-0.0089387408115603,0.0034558534187802,0.0417671165183354,
44.60000000259606,28.619383749001635,0.0482339930460371,0.0033912339739244,0.033750689192792,
44.70000000260188,28.61581272387173,0.0036978997030716,0.0030978309323903,0.0432230407189529,
44.8000000026077,28.62579816289155,0.0598574680051423,0.0028044278908563,0.0393116700213464,
44.90000000261352,28.619458254532294,-0.0106403121236976,0.0024055519917349,0.0351700565710489,
45.00000000261935,28.61773064361168,-0.0078202386746191,0.0019437860525465,0.0330195433471688,
45.100000002625166,28.604048434409524,-0.0987467433566209,0.001404056419934,0.0317448361238891,
45.200000002630986,28.611936629621837,0.0204371767523143,0.0003775360801646,0.0289794314502302,
45.30000000263681,28.604374572995525,-0.0352352677697451,-0.0006489842596047,0.0250595203256049,
45.40000000264263,28.613217813430143,0.0477467405010845,-0.0015358968362533,0.0184422805905606,
45.50000000264845,28.5976089062862,-0.0826137880274199,-0.0023494620678977,0.0128674308769667,
45.60000000265427,28.59630605075007,-0.0538680011884711,-0.0031167173440884,0.0077058489336221,
45.70000000266009,28.57199229034513,-0.1762636249600661,-0.0036183839905983,0.003132314428816,
45.80000000266591,28.56324312708389,-0.113479888437155,-0.0041200506371083,0.0017172166454397,
45.90000000267173,28.54620563382156,-0.1654788092973343,-0.004483602034075,0.0104928705510624,
46.00000000267755,28.56051243957221,0.0368590984463476,-0.0047745045949418,0.0108697384692028,
46.10000000268337,28.553598275742957,-0.0415201390494964,-0.0050902277547765,0.0102518966084285,
46.2000000026892,28.55656125105529,-0.0081415583133528,-0.0055627333718599,0.0166285284034471,
46.300000002695015,28.536785520158773,-0.1309056955949127,-0.0060352389889433,0.0151940601259694,
46.40000000270084,28.5263414347602,-0.1028938618806438,-0.00566477799346,0.036764748531446,
46.500000002706656,28.516097874497305,-0.1106839232206549,-0.004802807569072,0.0526546414296193,
46.60000000271248,28.506170331956945,-0.0965986796644767,-0.0040637776823255,0.0585920099328707,
46.7000000027183,28.49728467606767,-0.1071107461079964,-0.0040881928010677,0.0545233323412326,
46.80000000272412,28.491954908941786,-0.0517732044525248,-0.0041126079198098,0.0543817833174837,
46.90000000272994,28.47877956264528,-0.10661203107248,-0.0043284126313696,0.0494361527607333,
47.00000000273576,28.460895386736723,-0.1561187212880347,-0.0046519770190359,0.0368715158900555,
47.10000000274158,28.465748035764538,-0.0129169628504943,-0.0048760740035293,0.0276441166119202,
47.2000000027474,28.44165190408389,-0.14997725984082,-0.0045053643581309,0.0321165113664535,
47.30000000275322,28.449072506502297,-0.0152549097906607,-0.0041346547127324,0.036643714558802,
47.40000000275904,28.425927924214097,-0.1436437838453951,-0.0041303301482229,0.0381579191866185,
47.500000002764864,28.42336702068471,-0.0785589723892194,-0.0043310507175208,0.0299598362656791,
47.600000002770685,28.394067795835245,-0.2265961790621417,-0.0044979240747383,0.0231995347670674,
47.700000002776505,28.37396839747959,-0.1963305972940219,-0.0044650935331568,0.0147258062581076,
47.800000002782326,28.355735513542232,-0.2060804979142023,-0.0044322629915753,-0.004633161657615,
47.90000000278815,28.352072954261768,-0.0857644216716789,-0.0045127346360137,-0.0019036480811817,
48.00000000279397,28.33549343805881,-0.1399649873400002,-0.0046547080896005,-0.0116085316770677,
48.10000000279979,28.34714369682054,0.0134159877077872,-0.0047988488102308,-0.0126926868249866,
48.20000000280561,28.33161735759664,-0.0876298906287016,-0.0049574002582703,-0.0182584394972655,
48.30000000281143,28.313527227268576,-0.1309989617358101,-0.0051159517063098,-0.0322017987426488,
48.40000000281725,28.30327410519328,-0.1237494627306289,-0.0045594905449499,-0.0433612287130342,
48.50000000282307,28.29323357571708,-0.101799226712334,-0.0035939940074596,-0.0393070291232552,
48.60000000282889,28.29000908599919,-0.0570744102302226,-0.0025804639686192,-0.0363863182565794,
48.70000000283471,28.278990848388435,-0.0937148632278696,-0.0012988659639912,-0.0416618516751189,
48.80000000284053,28.27622800591064,-0.0495207034526521,-1.7267959363350923e-05,-0.0337752227607069,
48.90000000284636,28.26048688711239,-0.1120865766518622,0.0013811062483307,-0.0236471248450541,
49.000000002852175,28.28153849699713,0.0999020619158652,0.0028469084711568,-0.015067195647937,
49.100000002858,28.27773047931053,0.0013523097465246,0.0040920431369284,-0.0095430548024282,
49.20000000286382,28.28615645919865,0.0404531709924983,0.0040509351643918,-0.0076215265205037,
49.30000000286964,28.27161404921251,-0.0814742571746725,0.0040098271918552,-0.007836537239653,
49.40000000287546,28.26527167743872,-0.0588358989518341,0.0039091494717764,-0.0108260505794692,
49.50000000288128,28.26764348682224,-0.0073596525697818,0.003776962732586,-0.0110506345897463,
49.6000000028871,28.26639529888552,-0.0071333747005873,0.0036510510627946,-0.0104210019018727,
49.70000000289292,28.26829118955775,-0.0035461604376669,0.0035686182245633,-0.0117052157103914,
49.80000000289874,28.26239416853796,-0.0426021145271487,0.0034861853863319,-0.0141310628824409,
49.90000000290456,28.2522218802219,-0.0771704460940399,0.0041832498580025,-0.0162243164646327,
50.00000000291038,28.24395151026706,-0.0863052758771384,0.005299772743626,-0.0140518715320158,
50.10000000291621,28.247819915922157,-0.0027467590043505,0.0062875305273561,-0.0097177905223213,
50.200000002922025,28.23345974783214,-0.0893199861377977,0.0065720866978968,-0.0032311777743327,
50.300000002927845,28.237623405735327,-0.0052651017979138,0.0068566428684374,-0.0089939112400475,
50.40000000293367,28.231840952157057,-0.0510374679347776,0.0069541000206184,-0.0176289219520999,
50.50000000293949,28.251978388275504,0.1262423222943742,0.006950753085241,-0.0390858673613677,
50.60000000294531,28.251320642128963,0.0304506435348912,0.0070291242146149,-0.0380320518145055,
50.70000000295113,28.2735215609068,0.1487878216822352,0.0076408672804229,-0.0253139869892925,
50.80000000295695,28.27676753677698,0.0621729082951251,0.0082526103462309,-0.0306117947437481,
50.90000000296277,28.293779056546693,0.1504018783306742,0.0090020265129841,-0.0278629078413662,
51.00000000296859,28.290530051840594,0.0295439657485436,0.0098286076449157,-0.0147916673042433,
51.10000000297441,28.28850895689098,0.0011631512125782,0.010575690103872,-0.0202589975933499,
51.20000000298023,28.280076965446455,-0.0574700951015778,0.0108836384174752,-0.0182878858989594,
51.30000000298605,28.264979087255423,-0.1202470956242279,0.0111915867310784,-0.0181007797618082,
51.400000002991874,28.26278569065332,-0.0576185025579238,0.0112269778941578,-0.0147149840376444,
51.500000002997695,28.24139377230736,-0.1521289467050014,0.0111150657977165,-0.0149483281145003,
51.60000000300352,28.253380955550057,0.0075190683952015,0.0109287821806073,-0.0187661043108709,
51.700000003009336,28.246650807275,-0.0418367681720226,0.0103004894771671,-0.0143867522479362,
51.80000000301516,28.25707847059863,0.0493774577125174,0.0096721967737269,-0.0092674576479379,
51.90000000302098,28.25528794052738,-0.0101116090628836,0.0094030963633606,0.0083607806868033,
52.0000000030268,28.258368855773345,0.0231795432296663,0.009322671660967,0.0165227505688911,
52.10000000303262,28.243703288542196,-0.0935917524780182,0.0092554718619625,0.0150266499200297,
52.20000000303844,28.243301283485152,-0.0342515224500793,0.009275174470663,0.004775279545041,
52.30000000304426,28.22155923968583,-0.1505115112108403,0.0092948770793635,0.0121548530401814,
52.40000000305008,28.21669626446729,-0.0813159933884184,0.0095556600523736,0.010040185133839,
52.5000000030559,28.21334288918267,-0.0474094135165353,0.0099504645413061,0.0114158164151502,
52.60000000306172,28.19619444520075,-0.1246275113520085,0.010220669236735,0.0120755246435222,
52.70000000306754,28.190753241171112,-0.0790328950001452,0.0096548468284574,0.0101497810666493,
52.80000000307336,28.17187286092301,-0.1473240209596318,0.0090890244201798,0.0255461251451009,
52.90000000307919,28.169218509434398,-0.072253642178738,0.008554691338999,0.0190444493757026,
53.000000003085006,28.15684442915444,-0.105971743215754,0.0080362175933834,0.023982632073229,
53.10000000309083,28.169964978617788,0.0554269460520996,0.0075826744702626,0.0206052029033571,
53.20000000309665,28.151946781910357,-0.1111199649526356,0.0075210562718783,0.019681685011371,
53.30000000310247,28.15835330960209,0.0084997838956364,0.007459438073494,0.0187611179510877,
53.40000000310829,28.1360258677518,-0.1404836647224145,0.0070433110179978,0.0180570847127642,
53.50000000311411,28.133028333842624,-0.0685922349666779,0.0064357368806548,0.0239151037862045,
53.60000000311993,28.12847544625536,-0.0580847059657594,0.0058804594446195,0.0196299097993653,
53.70000000312575,28.121594154916163,-0.0685298012422471,0.0056158117501706,0.0172883361581645,
53.80000000313157,28.11785914728278,-0.0479819754096948,0.0053511640557217,0.0162022141303708,
53.90000000313739,28.105671379749527,-0.0928895251383614,0.0056940580777439,0.0174477263921396,
54.000000003143214,28.1092165009592,-0.010908005504661,0.0063501865369057,0.0197913541854365,
54.10000000314904,28.093430848451003,-0.1021592414752574,0.0069917469616019,0.0133638025173724,
54.200000003154855,28.087526367014608,-0.0658508353380172,0.007540507330241,0.0134035471063747,
54.30000000316068,28.055432276468007,-0.2435120494356456,0.00808926769888,0.0177667766130388,
54.4000000031665,28.05150273508641,-0.09493987884548,0.008812473249052,0.0238622471180293,
54.50000000317232,28.02955407366918,-0.1713478902334923,0.0096295299176656,0.0306389549762427,
54.60000000317814,28.035133548101005,-0.0237241555626699,0.010354222011221,0.0350029983998297,
54.70000000318396,28.032747144069624,-0.018479690292198,0.0104807083131534,0.0374112316894342,
54.80000000318978,28.029429611059864,-0.0413040969295167,0.0106071946150857,0.0368060158463452,
54.9000000031956,28.029050140390773,-0.0100459813593072,0.0105786913110294,0.0336045603399317,
55.00000000320142,28.007410859621352,-0.1429295254473492,0.0104378632730626,0.0214792110158169,
55.10000000320724,28.010775396227263,-0.044014383644308,0.0102895587882575,0.0110282164311257,
55.20000000321306,27.993236577385137,-0.1267434180936652,0.0100998524568404,0.009717987149125,
55.30000000321888,27.99044069906816,-0.0677707629035682,0.0099101461254233,0.0088814860659981,
55.400000003224704,27.982180033326877,-0.0780694777397983,0.0104967366536144,0.0126300167455699,
55.500000003230525,27.97801512876635,-0.0481521019355462,0.01149812976258,0.0113030147086196,
55.600000003236346,27.96681695449126,-0.1074214797937978,0.012425127863217,0.0114050031427226,
55.70000000324217,27.973548148911128,0.010659497624524,0.0128889002275058,-0.0001563095939795,
55.80000000324799,27.966774277060097,-0.0230214692963657,0.0133526725917945,-0.0140554242906082,
55.90000000325381,27.95965074170489,-0.0592659683028309,0.0137703901861622,-0.011210885634028,
56.00000000325963,27.97384621455805,0.0849985962009979,0.0141624530478609,-0.029615652230503,
56.10000000326545,27.959174434815985,-0.0657675952007813,0.0145333460217679,-0.05370787792351,
56.20000000327127,27.967742701707756,0.0170090014024927,0.0147866199551696,-0.0567171599227619,
56.30000000327709,27.947459669986305,-0.1290926420820067,0.0150398938885713,-0.0724414259444565,
56.40000000328291,27.95149984834313,-0.0277399922755707,0.0151351516223872,-0.0726266868003267,
56.50000000328873,27.941612014374765,-0.0814868403291495,0.0151388181749928,-0.0919107364205201,
56.60000000329456,27.93414431138369,-0.0745447297847971,0.0151744678571152,-0.0937234777671823,
56.70000000330037,27.928333477726078,-0.0752165889143935,0.0153959165263863,-0.0930322255485808,
56.8000000033062,27.919256528391827,-0.0701975977203285,0.0156173651956574,-0.0915595567831598,
56.900000003312016,27.9208240932038,-0.0106443741579371,0.0153554130199076,-0.0923977853214392,
57.00000000331784,27.91393201787303,-0.0495999845847165,0.0148227694665638,-0.0965229558324945,
57.10000000332366,27.91860665921012,0.0101362063610032,0.0144830724663894,-0.1089719137175242,
57.20000000332948,27.904823741330866,-0.0813832647423932,0.0151746916455931,-0.106069320755476,
57.3000000033353,27.903537779442605,-0.0208866446349933,0.0158663108247968,-0.0993011694817814,
57.40000000334112,27.895512280099755,-0.0638840114775626,0.0165212130799043,-0.0918912009095534,
57.50000000334694,27.901373736171685,0.0047171153773343,0.0171570492388749,-0.0847670394191586,
57.60000000335276,27.896587154034712,-0.0192571691200717,0.0178094637585862,-0.0765694659741139,
57.70000000335858,27.89311536612653,-0.0277720215929991,0.0185708327296828,-0.069905896197702,
57.8000000033644,27.89548318778713,0.0119413892236623,0.0193322017007795,-0.0634350044268012,
57.900000003370224,27.88344411456283,-0.0781671513654833,0.019772761999788,-0.0675664348589051,
58.00000000337605,27.894830487004715,0.0489723573536804,0.0200381423785159,-0.0662706248614024,
58.100000003381865,27.878399536925382,-0.0850451305005397,0.0201867618424061,-0.0686431554237077,
58.200000003387686,27.881362590956265,-0.013004368279228,0.0195747778679534,-0.0726201784059758,
58.30000000339351,27.878348742076124,-0.0280747563964079,0.0189627938935008,-0.0842636113468316,
58.40000000339933,27.886070697732176,0.049265607568267,0.0179974820008538,-0.0873861003592675,
58.50000000340515,27.89406253463027,0.055320019968035,0.0168361450215132,-0.0954428623312793,
58.60000000341097,27.890814127982445,0.0035932780963691,0.0156933930685948,-0.1052561595803494,
58.70000000341679,27.89431537300483,0.027336461536544,0.0146718747355745,-0.1159718431887942,
58.80000000342261,27.88814544657888,-0.0234068709333613,0.0136503564025543,-0.1228171810583983,
58.90000000342843,27.892990538998163,0.0325627175911758,0.0127323905150091,-0.1177109422118459,
59.00000000343425,27.891436664764523,-0.0035433097502964,0.0118687906561209,-0.1102503148337667,
59.10000000344007,27.90182256162964,0.0654087643607775,0.0111122447995913,-0.1038376932308466,
59.20000000344589,27.894596515893717,-0.0235402260993019,0.0109701090132956,-0.0983241551723852,
59.300000003451714,27.90268133459059,0.0421559176975658,0.0108279732269999,-0.0908619746677547,
59.400000003457535,27.90743414074255,0.0450613399511017,0.0107544539252861,-0.0652483652910203,
59.50000000346336,27.90677753048275,0.0223884282942285,0.0107201258183001,-0.0401354290871896,
59.60000000346918,27.916450035740866,0.07589998977438,0.0107282093132136,-0.0165666964715194,
59.700000003475,27.909869190977734,-0.012543961144922,0.0109841782949703,0.0205815272467418,
59.80000000348082,27.923399072108207,0.0780781247223362,0.0112401472767269,0.0475119200198561,
