t,vEgo,aEgo,roll,targetLateralAcceleration,steerCommand
0.0,35.11407852172852,0.0279404688626527,0.0278266640587799,-0.1912902929499959,0.31533604187205033
0.1000000000058207,35.108147593752804,-0.0457020151043769,0.0275681657567132,-0.1863246085744102,0.32740649997667526
0.2000000000116415,35.10289702150724,-0.0721377217639787,0.0273096674546466,-0.1739935589959035,0.32457108227639114
0.3000000000174623,35.11026488620092,0.0266735128948389,0.0270511691525799,-0.2032692174677379,0.3307166824594812
0.400000000023283,35.117955658744584,0.0997582662995795,0.0268464837335315,-0.1991431586665902,0.3393818920491846
0.5000000000291038,35.12307194819105,0.0838304512691556,0.0267106428380982,-0.2141713638569339,0.33574091745543894
0.6000000000349246,35.121702963024745,0.0305375330504546,0.0265748019426649,-0.2347477722013429,0.3301920099775005
0.7000000000407454,35.12004737795361,-0.0215682226427017,0.0267464176870256,-0.2249255415050041,0.3330455745528083
0.8000000000465661,35.12790193126605,0.0255792446097022,0.026946113209119,-0.2107856221052599,0.3303146559394111
0.9000000000523869,35.138907016714185,0.0988785043826951,0.0269234568983627,-0.2175413814793352,0.3263185018742189
1.0000000000582077,35.14455961213091,0.0935676045047953,0.02659754383308,-0.2147757679266541,0.33044378873901803
1.1000000000640284,35.14291224460855,0.0322098651192166,0.0262716307677972,-0.209086344749796,0.3313876524498545
1.2000000000698492,35.14176357455743,-0.0127192293459401,0.0258127380354712,-0.222708238863225,0.3215630315720697
1.30000000007567,35.1440732114779,-0.025216131744255,0.0253442957102401,-0.2294387725456358,0.3125374432983425
1.4000000000814907,35.15414170932632,0.036068546201684,0.0250260947591671,-0.210985492498115,0.3092581756093299
1.5000000000873115,35.15963604358729,0.0570634578027466,0.0249256911727878,-0.1921857510595171,0.2981119749687516
1.6000000000931325,35.15502116191094,0.0120321844478308,0.0248252875864085,-0.1858956485224563,0.2954853517306474
1.700000000098953,35.14532664418841,-0.0563711085448097,0.0249043211611339,-0.160600624271741,0.29569464076372415
1.8000000001047738,35.138619892864284,-0.0726349719129506,0.0249956883544914,-0.1538798509300854,0.2985016181959994
1.9000000001105943,35.14112117573653,-0.0279582418354988,0.0251490095644668,-0.1528710741708354,0.29491381834164365
2.0000000001164158,35.15022945036899,0.0585888738879266,0.0253896514442484,-0.1567684222225151,0.27765458024397416
2.100000000122236,35.14642632252694,0.029187380119654,0.02563029332403,-0.146536305799435,0.27944615589072835
2.200000000128057,35.137176756445776,-0.0386340096917311,0.0256558395989282,-0.1087752205058944,0.28120830937099145
2.3000000001338776,35.13039353178857,-0.0667516712511509,0.0256650678110571,-0.1124476891477341,0.28153810542696767
2.4000000001396984,35.132716229355225,-0.0376978379356318,0.0254932911095785,-0.1179695588999762,0.2821073632076172
2.500000000145519,35.138396782583385,0.0100218210314196,0.0250841984242791,-0.1227784433529221,0.2831114671197789
2.60000000015134,35.1396736168124,0.028451494167037,0.0246751057389797,-0.1280391446240232,0.2672601968744701
2.7000000001571607,35.13582249898841,-0.000505073996408,0.0247634891182581,-0.1292843131576276,0.26290394971960834
2.800000000162981,35.12804232377197,-0.0427159500491274,0.024901966097015,-0.0936912240409345,0.26805141928895776
2.900000000168802,35.122218142424366,-0.0773165620687518,0.0249398401597806,-0.0839083798980043,0.265961861676095
3.000000000174623,35.12892901411387,-0.007890902379627,0.0248370082971656,-0.0960376112370225,0.2567198400715004
3.100000000180444,35.13420376497076,0.0333630038456438,0.0247341764345507,-0.0926400615682284,0.25620029800757294
3.2000000001862645,35.13288468815317,0.0240570497801036,0.0242582171887583,-0.0775250191227496,0.26304028315968386
3.3000000001920853,35.12310643014628,-0.0419536332778679,0.0237471333299375,-0.0812973959622273,0.26534372508241166
3.400000000197906,35.111837019907874,-0.0949775080442399,0.0233931938809589,-0.0992246272115486,0.2677811512944248
3.500000000203727,35.107188181164844,-0.0902443983951268,0.0232653119329137,-0.1053434715366169,0.2688183776199286
3.600000000209548,35.10568413491521,-0.0439729526328735,0.0231374299848685,-0.111797905433675,0.26539346095020244
3.700000000215368,35.09965739019734,-0.0203075411237407,0.0236600481484444,-0.1088106837762342,0.264190106775341
3.800000000221189,35.08445747999212,-0.0732886694601859,0.0242369402557708,-0.0956033870891582,0.2723340323651422
3.90000000022701,35.07279382628933,-0.1010582522851114,0.0247592046362681,-0.0877453145632678,0.2740642058765285
4.000000000232831,35.06379121639077,-0.1290943514580569,0.025203968620082,-0.1006975287930841,0.272320836795382
4.100000000238651,35.05922493159517,-0.0998409274854794,0.025648732603896,-0.0999833267297675,0.28163679987248436
4.200000000244472,35.049927447693634,-0.093226642722952,0.0260734520164829,-0.091943003418587,0.30896759142064084
4.300000000250293,35.03652576762961,-0.0910358954432738,0.0264968127768992,-0.1076161634112085,0.31700327734664935
4.400000000256114,35.02079373066247,-0.1320532322954406,0.0267375462619405,-0.1642731280187431,0.3151151083089582
4.500000000261935,35.012008177779855,-0.089635677418511,0.0267346458064144,-0.1817391441532803,0.32947609501291764
4.600000000267755,34.991250134439326,-0.1841480769126687,0.0267317453508882,-0.1772783670871885,0.33701023972683763
4.700000000273576,34.97737571834527,-0.1678974661565747,0.0268997238572183,-0.2069599994952307,0.33662897996069463
4.800000000279397,34.96176824152376,-0.1405659153122742,0.0270837267496267,-0.2215376937179104,0.3415503485398792
4.9000000002852175,34.95011093323588,-0.1093286410272251,0.0272072360258058,-0.2192712786785097,0.36476392912167044
5.000000000291038,34.9536084833111,-0.0335893766371155,0.0272478866174948,-0.2298521357592446,0.3697156232757941
5.100000000296859,34.95144967519665,-0.0539645287700084,0.0272885372091837,-0.2813600943491559,0.364282148741412
5.20000000030268,34.940578723135225,-0.104441345051621,0.0272117543267778,-0.2930757032541649,0.3663459421684235
5.300000000308501,34.92531316249451,-0.1175411020248558,0.0271244270416189,-0.2813635852589191,0.3684078350049306
5.400000000314321,34.90807194306897,-0.1367499463918614,0.027087977965852,-0.2860269647956358,0.3570843123789137
5.500000000320142,34.889672563490244,-0.1815886557564605,0.0271214302390911,-0.2899788274971025,0.35138528492430554
5.600000000325963,34.8777278332085,-0.1578530322291173,0.0271548825123302,-0.26396956264864,0.35327885445918905
5.700000000331784,34.862849410299766,-0.1601752813318284,0.02714500353266,-0.2510503217184097,0.3557545237743065
5.800000000337604,34.85254752803003,-0.1067028486080618,0.0271319624597736,-0.2552047764150605,0.3114031237820366
5.900000000343425,34.84003379887432,-0.0995428258748167,0.0271862083551886,-0.2599594366732585,0.31994953735291554
6.000000000349246,34.82670386801792,-0.1272274759514403,0.0273354512861662,-0.1605309918306947,0.3142760052987259
6.100000000355067,34.81027374370034,-0.1743802183761723,0.0274846942171438,-0.1774190307659452,0.3147630050760751
6.200000000360888,34.79285537156598,-0.1901638395306138,0.0274990735998359,-0.1646163086076242,0.31655977802697743
6.300000000366708,34.77736438679649,-0.1546576700257077,0.0275041042426084,-0.1653688212002162,0.3127838427472023
6.400000000372529,34.7682897460953,-0.09511042928742,0.0275108713929806,-0.1690615457340686,0.313064141653384
6.50000000037835,34.75793094391007,-0.0907906335401275,0.0275200622657554,-0.1605872309609855,0.3047148010043034
6.600000000384171,34.74457414684374,-0.1246241998704032,0.0275292531385303,-0.1608849294653751,0.301612874312643
6.700000000389991,34.730115105111395,-0.1477289995642851,0.0274580516167595,-0.1432607732582224,0.3134596458377229
6.800000000395812,34.716399680562525,-0.1342642556017517,0.0273796081866958,-0.1371152185642045,0.3072831076317428
6.900000000401633,34.703249673381144,-0.1077892387685379,0.0273128860941482,-0.1631807823321835,0.3077158971279533
7.000000000407454,34.692269303539334,-0.0998502197057321,0.0272615611812317,-0.1501285760693743,0.31159753038663696
7.100000000413274,34.68065311981293,-0.1141855437285233,0.0272102362683153,-0.1513791324192064,0.3091178092111706
7.200000000419095,34.67437542252278,-0.0909200056415047,0.0272054819228661,-0.1597209643703273,0.3054585679147609
7.300000000424916,34.652937635787936,-0.1669472704341793,0.0272046814720637,-0.1540130086726749,0.3148307761667376
7.400000000430737,34.6392311577781,-0.1532149051916702,0.026963031740088,-0.1482614362998016,0.31366678434709405
7.500000000436557,34.61973051282137,-0.1715085865585046,0.0263984509880739,-0.1737330712802005,0.31377167912501597
7.600000000442378,34.607742505488226,-0.1433850806911533,0.0258338702360597,-0.1765505481627681,0.3131514136329301
7.700000000448199,34.60229735465191,-0.1015927439227927,0.025779967525528,-0.1772158383762607,0.3109495268039811
7.80000000045402,34.591367591566474,-0.0950938525372856,0.0257723508923018,-0.1757678652113494,0.30585811547991637
7.90000000045984,34.57691360530382,-0.1141657745884439,0.0255946839371406,-0.1725148355354526,0.30292425830717296
8.000000000465661,34.565084998315264,-0.1042555814085756,0.0251745421165994,-0.1654686207127001,0.3160903424342942
8.100000000471482,34.555296822865174,-0.104524859010592,0.0247544002960583,-0.1631240072632193,0.31850167500884613
8.200000000477303,34.54310585585747,-0.1380747360274584,0.0244108322949745,-0.1946728110245516,0.3168435026272842
8.300000000483124,34.52203303170726,-0.1994075859996077,0.0240732586194681,-0.2028465032913289,0.30984229416892545
8.400000000488944,34.517957456827155,-0.0966706505779143,0.0238635013769462,-0.2012480696503418,0.31564569336259274
8.500000000494765,34.50857342383893,-0.0763868666862979,0.0238376648308665,-0.1862398517626918,0.31773571080491114
8.600000000500586,34.50396771126783,-0.0582029826085211,0.0238118282847868,-0.1989323538956958,0.3120250035168153
8.700000000506407,34.49299374587165,-0.1143359772374001,0.0239982998179847,-0.2014378579110504,0.31270115509230534
8.800000000512227,34.48824319598413,-0.0701567609720432,0.0242008047266233,-0.1870500763021388,0.3134199053314374
8.900000000518048,34.476605799403146,-0.0809042484976822,0.0243754083682877,-0.186606333037493,0.3084013248522635
9.000000000523869,34.4691683602485,-0.0764994427711624,0.0245133606760397,-0.1866816198990988,0.3045275559708045
9.10000000052969,34.465396589593695,-0.0480788019110157,0.0246513129837918,-0.1744679944383489,0.30743714560382174
9.20000000053551,34.46214165539494,-0.0583543293389646,0.0245937477461057,-0.1666653281743951,0.3075346015329364
9.300000000541331,34.46255192386869,-0.0238302016582319,0.0245180865117135,-0.1736579101512251,0.3071321781086888
9.400000000547152,34.45311846922324,-0.0576504455355774,0.0245570027556934,-0.1733357461484997,0.30648524038919006
9.500000000552973,34.44792777379781,-0.0489505046927702,0.0247515269346306,-0.1704817191636348,0.3081385290702922
9.600000000558794,34.440760473624465,-0.0693381593843323,0.0249460511135678,-0.167072249917193,0.30957245671584044
9.700000000564614,34.44710763493835,0.0064160543866228,0.0250833505699523,-0.1693751805091213,0.3112741894030601
9.800000000570437,34.45114133250892,0.0453338306675043,0.0252149449509076,-0.1712298715716683,0.3136799796976514
9.900000000576256,34.44701913635339,0.0040635691339552,0.0253333009306852,-0.1736622940033053,0.3130070657226029
10.000000000582077,34.43956627967898,-0.0534617289164226,0.0254324018237177,-0.1777480276195921,
10.100000000587896,34.43779864815642,-0.0527771951210946,0.0255315027167502,-0.175298609254166,
10.200000000593718,34.44432337194777,0.0243508433235165,0.0255801406723727,-0.1594275032876378,
10.30000000059954,34.44231744419147,0.0128924293504195,0.0256252210274562,-0.1692038061805481,
10.40000000060536,34.44344322248449,0.0233467235275078,0.0256879905112118,-0.1752892145971027,
10.50000000061118,34.44225013271741,0.0031897560266969,0.025776236142398,-0.1541921311348441,
10.600000000617,34.449409926333445,0.0390341430622513,0.0258644817735842,-0.1553969603977669,
10.700000000622822,34.453000522689514,0.0280740455113886,0.0259105772067991,-0.1488363852741543,
10.800000000628645,34.4511909950015,0.0060370926340732,0.0259532468993362,-0.1512249806732248,
10.900000000634464,34.45093370294512,0.0002491961593762,0.0259927245868735,-0.1546052026132477,
11.000000000640284,34.46417612409472,0.0714484019392276,0.0260278132094641,-0.1513648049400022,
11.100000000646103,34.4731044836016,0.069759284446842,0.0260629018320548,-0.1494385841252093,
11.200000000651926,34.48011631217304,0.0934415771615281,0.0260238535243536,-0.1529338171214913,
11.300000000657748,34.46412184451046,-0.0353228702558479,0.0259774696726654,-0.1590023300070777,
11.400000000663567,34.45856884727207,-0.060359764643412,0.0260030842837299,-0.1607800693852452,
11.500000000669388,34.464759642099,-0.0008976586537918,0.0261261102393188,-0.1347192629529565,
11.600000000675209,34.47583181732004,0.0814897531692718,0.0262491361949078,-0.1350886336663363,
11.70000000068103,34.48989521149929,0.1389545258240687,0.0262054591868999,-0.1474157292467439,
11.80000000068685,34.50190394434064,0.1270652716024992,0.0261462534683574,-0.145643232215843,
11.900000000692671,34.51453231947637,0.097610678157873,0.0260586334302578,-0.1430678644740789,
12.000000000698492,34.529495588499934,0.118441733347955,0.0259321015437651,-0.1420274907204731,
12.100000000704313,34.536955474550815,0.1108635279102181,0.0258055696572723,-0.1403353858604771,
12.200000000710132,34.5381564733621,0.0594667238921139,0.025448112147118,-0.1392968348428164,
12.300000000715954,34.55133971383464,0.0892927684156942,0.0250711503129664,-0.136894820915789,
12.400000000721777,34.57039723819116,0.1322760649121555,0.0247412043201858,-0.1358079001817163,
12.500000000727596,34.584515743145126,0.1443906435859585,0.0244788672316917,-0.1341692811904296,
12.600000000733417,34.60329632754252,0.2210129358173996,0.0242165301431977,-0.136488161577865,
12.700000000739236,34.61947772961666,0.2185344009375429,0.024641621291831,-0.1387603596038328,
12.800000000745058,34.62808801902167,0.109813207613224,0.0251250460860994,-0.1475638060172306,
12.90000000075088,34.649454505124424,0.1556212443400421,0.0253389042825243,-0.1355507462010483,
13.0000000007567,34.66683794234447,0.1807732197498391,0.0251574330888446,-0.1280866719571778,
13.10000000076252,34.67825803739426,0.1801551103042957,0.0249759618951649,-0.198154455327664,
13.20000000076834,34.679972253002504,0.0934016264336709,0.0245249731319924,-0.239087034346063,
13.300000000774162,34.69162225416885,0.0644248028580762,0.0240505731826285,-0.2100619141786216,
13.400000000779984,34.709076951682576,0.1136515511187146,0.0235314449721045,-0.1971543612277163,
13.500000000785803,34.73140494652909,0.2097743890606088,0.0229503596000033,-0.2125581255686045,
13.600000000791624,34.74728543724876,0.2102889122834854,0.0223692742279021,-0.2078793897013928,
13.700000000797443,34.76414245445203,0.1985326762714156,0.0219904747288853,-0.2029919450619109,
13.800000000803266,34.79159583559888,0.2284569565902496,0.0216317203308088,-0.1934015183550051,
13.900000000809086,34.81140720335417,0.1921164363508182,0.021428614850628,-0.184401412677607,
14.000000000814907,34.82921692254337,0.2099757839362646,0.0214346478203799,-0.18904250948718,
14.100000000820728,34.84356905649792,0.1898071967129264,0.0214406807901318,-0.1771059305088948,
14.200000000826549,34.85435727917322,0.1413913806082386,0.0215214049859994,-0.1475368543301012,
14.30000000083237,34.88673544891341,0.230849564654722,0.0216095063962112,-0.1480169834071614,
14.40000000083819,34.9179852124226,0.2705319057785057,0.0216774736017016,-0.1292874261858333,
14.500000000844013,34.943829390705645,0.2541908546640328,0.021717897730055,-0.1377094993256548,
14.600000000849832,34.970432581561454,0.2840396615737433,0.0217583218584084,-0.1169638774375588,
14.700000000855653,34.98561063932636,0.2058133655913089,0.0217108199957156,-0.102732281085253,
14.800000000861472,35.007385241717955,0.1824621165660776,0.021657338746449,-0.0822624327123694,
14.900000000867294,35.04340077776532,0.2726100926981822,0.0215340504642078,-0.0768191857964555,
15.000000000873117,35.0756382182582,0.3132030710960706,0.0213147066869311,-0.0762746509435258,
15.100000000878936,35.10722750795845,0.3325506778277654,0.0210953629096544,-0.0784389340993186,
15.200000000884756,35.13175843844292,0.2942421223889774,0.0210456526361112,-0.0861752720030315,
15.300000000890575,35.14655533130666,0.1992335193872327,0.0210078378952038,-0.0869212844556316,
15.400000000896398,35.16909673484775,0.1739710215607657,0.0209307297366005,-0.0820885547883321,
15.50000000090222,35.19660143251066,0.2198813989447836,0.0207997292640312,-0.0720745980834512,
15.60000000090804,35.21793356779798,0.2286014755992413,0.0206687287914619,-0.0651748702643617,
15.70000000091386,35.230127735354394,0.1900909015763967,0.0205221882657611,-0.0760584603084933,
15.80000000091968,35.2377877188115,0.1145370598814025,0.0203741141343197,-0.074783713685156,
15.900000000925502,35.24958638707042,0.0836896915676501,0.0202389800277731,-0.0840688274106642,
16.000000000931323,35.25676970414895,0.0529616084326528,0.0201209990839242,-0.1466842022692023,
16.100000000937143,35.27444126891343,0.1344394290888329,0.0200030181400754,-0.1881127874262759,
16.200000000942964,35.27373859851334,0.0665608540540706,0.0199991624746932,-0.1926079358976528,
16.300000000948785,35.27187286980897,0.0282309670293878,0.0200072191796186,-0.1885757113447932,
16.400000000954606,35.27231272111566,-0.0124666081225636,0.0199458207611836,-0.2203676579568929,
16.500000000960426,35.27562963384537,-0.0068826580112831,0.0197862704067432,-0.2170054383738137,
16.600000000966247,35.276652823584804,-0.002470794023772,0.0196267200523029,-0.2184037970567227,
16.700000000972068,35.278958837859896,0.0358717965987563,0.0196458342910416,-0.2207899525610072,
16.80000000097789,35.28221798685936,0.0449545253016625,0.0196792321149823,-0.2209792955914141,
16.90000000098371,35.285538151496006,0.0436792799985941,0.0197512389679977,-0.2211808143880113,
17.00000000098953,35.281836644439345,-0.0247406492877425,0.0198768830187318,-0.1952369533290995,
17.10000000099535,35.276625612625736,-0.0648879703767826,0.020002527069466,-0.1880161336093135,
17.20000000100117,35.277479535345115,-0.0038701323712215,0.0200482193309687,-0.1691205714573497,
17.300000001006993,35.26800459547353,-0.0441629194382013,0.0200875452868323,-0.171101743949871,
17.400000001012813,35.26053863250261,-0.0599999751286998,0.0203001325544201,-0.1501532605142482,
17.500000001018634,35.25053930788653,-0.0867921537308756,0.0207608104485877,-0.1362869088612336,
17.600000001024455,35.24537217237021,-0.06274930250268,0.0212214883427552,-0.1237029531905397,
17.700000001030276,35.24094170881264,-0.0576239173462716,0.021474356338859,-0.109776523786656,
17.800000001036096,35.24305200241351,-0.0096811253368827,0.0217068005067691,-0.1065412769707131,
17.900000001041917,35.23129514935398,-0.070762313649329,0.021924588487578,-0.1021516926787674,
18.000000001047738,35.21603197931823,-0.1319669519127097,0.0221226282577207,-0.1100147437453955,
18.10000000105356,35.20436002882978,-0.1237085543532937,0.0223206680278634,-0.09069148159267,
18.20000000105938,35.189922242613605,-0.1397530569676323,0.0224863269948444,-0.0848870860120245,
18.3000000010652,35.18370525298336,-0.0977882958346957,0.0226491234524164,-0.1058066915537346,
18.40000000107102,35.180139649505044,-0.0545160032829186,0.0227482456989842,-0.1178639518111117,
18.50000000107684,35.16855856436188,-0.0908711084223006,0.0227589852145719,-0.1214272681159807,
18.600000001082662,35.160111105257705,-0.0942975790232607,0.0227697247301596,-0.1331288510760014,
18.700000001088483,35.154978049878515,-0.0689522536627049,0.0227636347596107,-0.1533613580096455,
18.800000001094304,35.138758407180894,-0.1209949150110084,0.0227562965395028,-0.14332920068599,
18.900000001100125,35.12363858811133,-0.1285964034308687,0.0228262221019529,-0.1317566485167885,
19.000000001105946,35.10567025651808,-0.1541431737430746,0.0230065499348343,-0.1218423487977368,
19.100000001111766,35.09158296411364,-0.1480448524821205,0.0231868777677156,-0.1123117967651656,
19.200000001117587,35.07642518746277,-0.1490961009792523,0.0230207860791208,-0.1106670002317533,
19.300000001123408,35.058045949028006,-0.1735482912820747,0.0228276038760465,-0.101527131378384,
19.40000000112923,35.05493831468931,-0.0850478701768323,0.0228997202342012,-0.0943608391953072,
19.50000000113505,35.0401714843632,-0.1192430407965318,0.0233565319818512,-0.0952514724541489,
19.60000000114087,35.024142057396176,-0.1523464231742259,0.0238133437295012,-0.0744934681312331,
19.70000000114669,34.99930124553965,-0.2198722630478393,0.0240977670394177,-0.0639649062848623,
19.80000000115251,34.98139663495983,-0.1895181409156412,0.0243675833425726,-0.0595240873513315,
19.90000000115833,34.97081181303633,-0.1353489890610002,0.0245429218328639,-0.0632912805290143,
20.000000001164157,34.96709019911003,-0.073823599149858,0.0245922609596411,-0.0708081580832308,
20.10000000116997,34.96527224390204,-0.0543797066357382,0.0246416000864182,-0.0721796827420419,
20.200000001175795,34.954306245000666,-0.0891077668927405,0.0248045293133071,-0.0698659596253633,
20.300000001181616,34.94063561026044,-0.1154228052217886,0.0249782268694387,-0.0667449018766771,
20.40000000118744,34.92663376406016,-0.1306097256350274,0.0251974072791118,-0.0655407348283838,
20.500000001193257,34.919460317438634,-0.095647049329488,0.0254794297710344,-0.0647171666344564,
20.60000000119908,34.91946768451663,-0.0312002766943723,0.025761452262957,-0.0654936515666697,
20.7000000012049,34.91772302541616,-0.02749782350036,0.0256719190184088,-0.0655985329957695,
20.80000000121072,34.91981811484303,-0.0047037695594152,0.0255392953750914,-0.0823184036370166,
20.90000000121654,34.92290184790942,0.0112743476991653,0.0252979095562239,-0.1168227333135877,
21.00000000122236,34.92437818081941,0.0070830152227942,0.0248969258474031,-0.1263193218623544,
21.10000000122818,34.92668241119885,0.01576054621615,0.0244959421385823,-0.1160421659304635,
21.200000001234,34.930773674704064,0.0367185944786533,0.0242605174087052,-0.1043727023888053,
21.300000001239823,34.9340456105186,0.043624458662525,0.0240382382320952,-0.1009564399365634,
21.400000001245644,34.934910471490674,0.0334925457210479,0.0239929019552459,-0.0950202303868007,
21.500000001251465,34.93987972258624,0.0381599966352698,0.0242051759289426,-0.0772718458103575,
21.600000001257285,34.95105489343508,0.0845313967779123,0.0244174499026393,-0.0708306781590923,
21.700000001263103,34.95918826493168,0.0844105039931167,0.0247483129164776,-0.0615125334380487,
21.800000001268927,34.96566095387206,0.0744739929822395,0.0250887087609082,-0.053635011851976,
21.900000001274748,34.96733024844559,0.052824913627784,0.0252306174104493,-0.0518688791738853,
22.00000000128057,34.967986733635634,0.0256796117974904,0.0251028901030953,-0.0555550207262073,
22.10000000128639,34.97365278762501,0.0364839765059037,0.0249751627957413,-0.0592231018967342,
22.20000000129221,34.97898793568084,0.0472816017343714,0.0251809885587182,-0.0617911417718966,
22.30000000129803,34.981240617277344,0.0361902581792143,0.0254208389398731,-0.0598905266142784,
22.40000000130385,34.97910271578466,0.0208434520052543,0.0256421117237699,-0.0538314084550011,
22.500000001309672,34.97968848640963,0.014541141592027,0.025837718954427,-0.0414744510745563,
22.600000001315493,34.98890331724781,0.0640408864861792,0.0260333261850841,-0.0361726731501457,
22.700000001321317,35.00387583201191,0.1183833503996968,0.0261398766624776,-0.0368509708491869,
22.80000000132713,35.01624906934301,0.1309477558220768,0.0262380353693175,-0.0291281347933195,
22.900000001332955,35.02916090216126,0.1396924783482612,0.0263792173954002,-0.0248620902604672,
23.000000001338776,35.040280532380635,0.1246374793073931,0.0265773590583941,-0.0039192651442105,
23.1000000013446,35.052797379603376,0.1124780681967713,0.026775500721388,0.0206178576334302,
23.200000001350418,35.06038534226272,0.0759788568027028,0.0270037723600394,0.0221062831454428,
23.30000000135624,35.06956894753471,0.0969322804247334,0.0272344388002053,0.0241439580553085,
23.40000000136206,35.0859561751946,0.161435128802939,0.0273626848715885,0.0290401596751429,
23.50000000136788,35.10418477304942,0.1831417023611643,0.0273479556553533,0.0292879999152421,
23.6000000013737,35.11972722812348,0.1420850297770476,0.0273332264391182,0.0207744475978465,
23.70000000137952,35.130318052882934,0.1013760955959407,0.0275233111049662,0.0243288589777835,
23.800000001385342,35.13247883885889,0.0572836046947874,0.0277309486553924,0.0639390222530854,
23.900000001391163,35.13988792642161,0.0836528553181021,0.0278056914509879,0.072281677171297,
24.000000001396984,35.150697719649855,0.1152311596657417,0.0276877614340764,0.0770228299905948,
24.100000001402805,35.160282706574456,0.085188201241044,0.0275698314171649,0.0762948564436003,
24.200000001408625,35.17632135636423,0.119291766521127,0.0273800064523432,0.0745631629472483,
24.30000000141445,35.19005786998304,0.1425304770017703,0.0271845480288156,0.0610972539864585,
24.400000001420267,35.21257928978984,0.1976691200653984,0.0268457420049762,0.0324329695856178,
24.500000001426088,35.23345121129085,0.21799321952055,0.0263130486028593,0.0288124382840722,
24.60000000143191,35.24769332046063,0.1847100869319716,0.0257803552007423,0.0235435043042461,
24.70000000143773,35.257417799749845,0.1127335917614819,0.0255845378699007,0.0090826693394345,
24.80000000144355,35.266901708510936,0.0682536142544441,0.0254222812464956,0.0119994449639901,
24.90000000144937,35.28000482484998,0.1048835032504262,0.0253650549958124,0.0024766875014144,
25.00000000145519,35.29363360051133,0.1427588591858953,0.0254553489283074,-0.0048671410448728,
25.10000000146101,35.30853401926253,0.1575749203240105,0.0255456428608024,-0.0038175366070588,
25.200000001466837,35.33113925067663,0.1962097160221557,0.0258024251815108,-0.0152464311989166,
25.30000000147265,35.35215574837514,0.1990727416795558,0.0260741661571439,-0.0232947156014837,
25.400000001478475,35.37125641026489,0.168252484461612,0.0261590140921849,-0.0213844453055067,
25.500000001484292,35.39061902624734,0.1702542397265765,0.0259773995592248,-0.0205152740229765,
25.60000000149012,35.395661043996576,0.1014341870235768,0.0257957850262647,-0.0181599769268184,
25.700000001495937,35.40266097700464,0.0838953479695717,0.0255090040368763,-0.0148407405593343,
25.80000000150176,35.41713527936209,0.1229683567665947,0.0252144201848788,-0.0212718266384708,
25.90000000150758,35.43424725276336,0.1323886406783506,0.0249046153918759,-0.0586521164955838,
26.0000000015134,35.446977897953204,0.1034007180144573,0.0245724358058898,-0.0791949429620843,
26.10000000151922,35.467676009241394,0.1703685670295217,0.0242402562199037,-0.0566576332402736,
26.20000000152504,35.48279347803661,0.1750750323648322,0.0242389525892214,-0.0573538316793391,
26.30000000153086,35.50353189254892,0.2146905722806426,0.0242649264807317,-0.0544300896846192,
26.40000000153668,35.52044781784343,0.1862172299745717,0.0244554642873736,-0.0536917671325975,
26.500000001542503,35.52590843439374,0.0955443987306418,0.0248625150347083,-0.0240181247501113,
26.600000001548324,35.52420008323275,0.0114945685778567,0.0252695657820431,-0.0228577915826618,
26.700000001554145,35.53936387435588,0.1025626473715525,0.0251955133737625,-0.0209695581737812,
26.800000001559965,35.553538669890884,0.1557039100755775,0.0250711237611135,-0.0232687385582315,
26.900000001565783,35.57083940591814,0.1946489410738213,0.0248024615618617,-0.027415169305384,
27.000000001571607,35.582430815426136,0.1528264910596335,0.0243418422383065,-0.0327038087803027,
27.100000001577428,35.58711296629202,0.0621514428403587,0.0238812229147512,-0.0250142069228788,
27.20000000158325,35.595729098303416,0.0587448053963526,0.0236151366996641,-0.0182336958204844,
27.30000000158907,35.60582535458359,0.0832140174337278,0.0233675596866414,-0.0232618156146428,
27.40000000159489,35.61675596405107,0.1114079943157235,0.0231561606358114,-0.0244714885073679,
27.50000000160071,35.62788696318839,0.1165181961258,0.0229934047267046,-0.0129892366041106,
27.60000000160653,35.6295119530278,0.0492498418761083,0.0228306488175979,-0.0019730060231798,
27.700000001612352,35.63527842722074,0.0328248882880826,0.0225749627100526,-0.001618149093403,
27.800000001618173,35.63948321505112,0.0267667642635196,0.022312122079856,-0.0027851716547089,
27.900000001623997,35.65307093129541,0.0896257112765396,0.0221802536056161,0.005629027291261,
28.00000000162981,35.6620942868848,0.091501488486287,0.0222337491655272,-0.003196905393978,
28.100000001635635,35.671068905325185,0.1094807016843639,0.0222872447254384,0.0201517680480683,
28.200000001641456,35.67287728682354,0.0564327285684253,0.0227092346682862,0.0860167669111508,
28.30000000164728,35.67530159077464,0.0274852193320328,0.0231562525328112,0.1212202607544251,
28.400000001653098,35.672218133616624,-0.0311318500574726,0.0233173678745974,0.1100948077537644,
28.50000000165892,35.67533789365629,-0.0014744507151371,0.0230754438378539,0.120412350005151,
28.60000000166474,35.68359165135892,0.0472828572130565,0.0228335198011105,0.0840774780024303,
28.70000000167056,35.69258085879825,0.0761814655934424,0.0225077529822143,0.0622262267897151,
28.80000000167638,35.6945800364044,0.0394413906566675,0.022173377834838,0.0499463265627772,
28.9000000016822,35.69849671611455,0.0442122268033144,0.022101855103553,0.0702920013173687,
29.000000001688026,35.69824387055711,0.0212716789141129,0.0223801400569701,0.0703407852938308,
29.100000001693843,35.69676186646777,-0.0025562077836096,0.0226584250103872,0.0635563663807672,
29.200000001699664,35.70066755901978,0.0151143206415105,0.0228385034636761,0.0709362397606123,
29.300000001705484,35.70233024235031,0.0062942588872954,0.02300908670067,0.0602915854307657,
29.400000001711305,35.70389661449292,0.02054523832322,0.0230448009642286,0.0381428037645874,
29.50000000171713,35.710053506823115,0.0669066626384729,0.0228997769631882,0.0413281547908891,
29.600000001722947,35.71353052236002,0.0616975466003643,0.0227547529621479,0.0313591359087487,
29.700000001728768,35.7107728377875,0.0051508318459373,0.0223474161327994,0.0018275514779533,
29.80000000173459,35.7134513773547,0.018866740817028,0.0219139422851359,-0.0286672849386066,
29.90000000174041,35.709127652059706,-0.0385162213595089,0.0219259447258825,-0.0333341047589258,
30.00000000174623,35.71150391358071,-0.0126267351609971,0.0225898401319884,-0.034171208046257,
30.10000000175205,35.71452266086699,0.0189602019825933,0.0232537355380942,-0.044980511979493,
30.20000000175787,35.711319821576495,0.0042174122515355,0.0235759816889576,-0.0338138904191504,
30.30000000176369,35.704699141938725,-0.0232997613335821,0.0238697836161742,-0.0201904569817368,
30.400000001769516,35.70292353453356,-0.0211772341935439,0.0240393501872337,-0.0620806308284121,
30.500000001775334,35.702557159648656,-0.0235584219692235,0.0240291631552465,-0.0961879279404225,
30.600000001781154,35.70015509189996,-0.0508003247228761,0.0240189761232593,-0.0967235589674788,
30.70000000178697,35.70346836890452,-0.0090608540690544,0.024383182174434,-0.1004970983212089,
30.8000000017928,35.70540312670521,0.0235394849413039,0.0247779391327818,-0.0856951458536931,
30.900000001798617,35.70139580654962,0.0037862188312577,0.024956862292654,-0.0878621261568254,
31.00000000180444,35.700470137122615,0.00373526009427,0.0248253985991888,-0.0634421436264035,
31.10000000181026,35.69545855702392,-0.0410467070307816,0.0246939349057236,-0.0627993353090484,
31.20000000181608,35.68816680670603,-0.0918873372647262,0.0244547500068521,-0.0618859715674911,
31.3000000018219,35.68651608855553,-0.0834617460967944,0.0242055780218184,-0.061403164704274,
31.40000000182772,35.68839245390017,-0.0271303485483438,0.0239092619849974,-0.0578325593849151,
31.50000000183354,35.6925158086252,0.0271184779670515,0.0235448259139982,-0.0570619424918736,
31.60000000183936,35.68775290093463,0.0175587348285503,0.0231803898429989,-0.0357053186902213,
31.700000001845183,35.68000167560348,-0.0319295312247487,0.0230452323844637,-0.0460846586454236,
31.800000001851004,35.68031319633125,-0.0286085239507174,0.0229328089704951,-0.055259136892885,
31.900000001856824,35.68114037878833,-0.0401804297517294,0.022863322550482,-0.0470260625703551,
32.000000001862645,35.687534003264595,0.0154395208081219,0.0228541240000234,0.0154586019315219,
32.100000001868466,35.69256568854739,0.0731115337565113,0.0228449254495649,0.0401164103442664,
32.20000000187429,35.68520834731763,0.0139968677875812,0.0230167681527353,0.0417749417908454,
32.30000000188011,35.67900049939098,-0.0248280896076611,0.0232040459283114,0.0843107296839157,
32.40000000188593,35.67318093538854,-0.0580911079730506,0.0232951220848173,0.0829569965624507,
32.50000000189175,35.67218493611138,-0.0478707282854136,0.0232369504855963,0.0778236339526531,
32.60000000189757,35.67465206298081,-0.0254814153665889,0.0231787788863754,0.0991973662591225,
32.70000000190339,35.672819952030856,-0.0334025232789281,0.0231649127081296,0.0996833654655296,
32.80000000190921,35.665889146994466,-0.0397267697098551,0.0231551971896179,0.1202429820882531,
32.90000000191503,35.66264076595833,-0.0203196504563579,0.0230287021784256,0.1187439618325873,
33.00000000192085,35.653696239308225,-0.0611454147087348,0.0227316860421834,0.0949047394309008,
33.100000001926674,35.65319862727003,-0.0450894509738037,0.0224346699059412,0.030631650323042,
33.200000001932494,35.651905973345244,-0.0545070619892397,0.0225234544318951,0.044435129207945,
33.300000001938315,35.65313413562022,-0.0214618442108198,0.0226486213375891,0.041769070270065,
33.400000001944136,35.654388455380385,0.0166206696627305,0.0226159263621565,0.0311045141937161,
33.50000000194996,35.650420974052885,0.0021020127345323,0.0223668771806095,0.0094878610441502,
33.60000000195578,35.653596485785464,0.0368270955397183,0.0221178279990626,-0.0135013640980664,
33.7000000019616,35.65132097387483,-0.0051341740873294,0.0219240734055155,-0.0239875763277688,
33.80000000196742,35.64951642288504,-0.0397708354013699,0.0217351944944617,-0.0361070451523558,
33.90000000197324,35.65061416958563,-0.0339494250587091,0.0218013485554213,-0.0658287588849075,
34.00000000197906,35.64795234203575,-0.0220859939492113,0.022214679929238,-0.0640558082700033,
34.10000000198488,35.650690498968686,0.0273989463815415,0.0226280113030547,-0.0578908102746536,
34.2000000019907,35.64995116181351,0.0382205653639883,0.0226265397763354,-0.0517737556029652,
34.30000000199652,35.64554726128754,-0.0028770020128211,0.0225966182103136,-0.0508777481184167,
34.40000000200234,35.64868815215707,0.0037656165216136,0.0224631475016799,-0.0520636399850795,
34.500000002008164,35.65621365452287,0.009881063902169,0.0221820682415858,-0.0529271665827276,
34.600000002013985,35.65693216048583,-0.004852925485308,0.0219009889814916,-0.0515922587039611,
34.700000002019806,35.64945220473665,-0.0292915433878467,0.0214492829189352,-0.0523470567105657,
34.80000000202563,35.64881073380286,0.0132214222664462,0.0209823533117689,-0.0548773151683464,
34.90000000203145,35.646878378878675,0.0086869426289086,0.0206901733400812,-0.0567439698003423,
35.00000000203727,35.63984814386114,-0.0657451973491404,0.0206390308353624,-0.046898657186799,
35.10000000204309,35.638299499097926,-0.0641580920510947,0.0205878883306436,-0.0505148526935639,
35.20000000204891,35.636331937376106,-0.0531188835823346,0.0209175646896963,-0.051369477794745,
35.30000000205473,35.63761529560934,-0.0002262517024765,0.0212788671378584,-0.0405314486088109,
35.40000000206055,35.63583442650727,0.016082511357834,0.0215777637567948,-0.0339903776296059,
35.50000000206637,35.63182609781528,-0.0052529325031372,0.021789252532333,-0.0336501311974803,
35.60000000207219,35.63079493580408,0.0094459746126966,0.0220007413078711,-0.0328572688017694,
35.70000000207801,35.6220486238757,-0.0650513184110756,0.0219641348658359,-0.0160859723636858,
35.800000002083834,35.616533724143004,-0.0842183038868362,0.0219027111452568,-0.0154917640888873,
35.900000002089655,35.61242446379309,-0.0672581735259764,0.0217099852420133,-0.0176808755892478,
36.00000000209548,35.62109981510512,0.0505945096422663,0.0213422172618699,-0.0026475143214891,
36.1000000021013,35.62559198005815,0.0658274956133455,0.0209744492817265,-0.004928016954031,
36.20000000210712,35.61441452782264,-0.0457867666216973,0.0207205470543941,0.0030490300224063,
36.30000000211294,35.609310277898615,-0.0628703298072986,0.0204784207750119,-0.0051860425154189,
36.40000000211876,35.604946287850055,-0.0745739356365437,0.0203299190539239,-0.0109822343176699,
36.50000000212458,35.61287316607121,0.010630277249402,0.0203068482200505,-0.0016272815203374,
36.6000000021304,35.62096990900508,0.0588215348147968,0.0202837773861771,0.0260639987007907,
36.70000000213622,35.62516814472384,0.0761696107725075,0.0201510007176453,0.0240153580136684,
36.80000000214204,35.6219252699385,0.0179527376066858,0.0200093174935219,0.0079382758824317,
36.90000000214786,35.62251263236516,0.0052503530594604,0.0198125503257428,0.0182523496907468,
37.00000000215368,35.62139266246894,-0.0231740487400293,0.019535919637727,0.0263930365123214,
37.100000002159504,35.62296900322121,-0.0106972095050128,0.0192592889497111,0.0328146640926337,
37.200000002165325,35.62726848842382,0.0128360427866961,0.0192053241810536,0.0291004089054962,
37.300000002171146,35.62910285718178,0.0283953313829806,0.0191702563842436,0.0293190807406263,
37.40000000217697,35.63159554632106,0.0438188555983423,0.0191595045368234,0.0355044306843627,
37.50000000218279,35.63320439702774,0.0261477340690503,0.0191835232424442,0.040810332679894,
37.60000000218861,35.63149144235322,-0.0002953068411156,0.019207541948065,0.0407399756549515,
37.70000000219443,35.622978637837946,-0.0698444944594759,0.0195522504074519,0.0437044238083429,
37.80000000220025,35.61901485457537,-0.0610613496195116,0.0199289126092358,0.0339685765306925,
37.90000000220607,35.62440939096736,0.0162317938616622,0.0200986706922437,0.034207598187314,
38.00000000221189,35.63674447850852,0.0938768394332979,0.0199865397994051,0.0375998360057614,
38.10000000221771,35.64086817841595,0.0678498694545533,0.0198744089065664,0.0377034095868598,
38.20000000222353,35.64272940303373,0.0333359339765764,0.0198789932806856,0.0373268438176284,
38.30000000222935,35.63747435927678,-0.0351460189205614,0.0198948733494573,0.0355999243178796,
38.40000000223517,35.64221922055426,0.0143214603040974,0.0197307323759185,0.0362330789041914,
38.500000002241,35.6507965279792,0.0646734438968091,0.0193132241937728,0.0364484980484444,
38.600000002246816,35.65293332966597,0.0444414643470833,0.018895716011627,0.004617952399564,
38.70000000225264,35.653694160405564,0.0220636962983739,0.018468147473009,-0.0034894010974557,
38.80000000225846,35.64689524225961,-0.0233391245951797,0.0180398411320757,-0.0005961383820905,
38.90000000226428,35.64420365599972,-0.015111205223721,0.0178048864721388,-0.0024832823607354,
39.0000000022701,35.64661432995345,0.0103457696457611,0.0178589410547334,0.0155959297187917,
39.10000000227592,35.65251372119688,0.0140497362665192,0.017912995637328,0.0207702723013877,
39.20000000228174,35.65463752837017,0.0114140798798688,0.0179837059782384,0.0262800896321368,
39.30000000228756,35.649072049925024,-0.0282003005002986,0.0180555961432345,0.0243593800796819,
39.40000000229338,35.64354649889312,-0.0388269635527506,0.0180746579533825,0.0255324754382303,
39.5000000022992,35.63886939551292,-0.0338109034601211,0.0180168695871364,0.0310192261820555,
39.60000000230502,35.64054266624195,0.001682067264132,0.0179590812208903,0.0329064304939482,
39.70000000231085,35.64269565632553,0.0087335292262053,0.0176398008935635,0.0305510344210733,
39.800000002316665,35.646142670840135,0.0050772572943294,0.0172998254371264,0.0189851576108416,
39.900000002322486,35.64086826337396,-0.032464019097232,0.0171629140988784,0.0083989009143551,
40.00000000232831,35.63453394025404,-0.0306471646706208,0.0172972657287086,0.0099566126609747,
40.10000000233413,35.63200301160303,0.0041471622839555,0.0174316173585387,0.012990826016258,
40.20000000233995,35.623399698503924,-0.0461733035566667,0.0179513974519108,-0.0088940653358231,
40.30000000234577,35.622384684145395,-0.0359793865067795,0.0185072422069186,-0.0138622473944843,
40.40000000235159,35.62064331263417,-0.0326177949539346,0.0190528657324109,-0.0065792286190717,
40.50000000235741,35.624491990005126,-0.0048545159521279,0.0195847515352962,-0.0516636931724789,
40.60000000236323,35.62803368141094,0.020999800937776,0.0201166373381815,-0.1049943141240357,
40.70000000236905,35.621788669255565,-0.0161800736562325,0.020439356729274,-0.1058047362329553,
40.80000000237487,35.616257270292245,-0.0278296559166348,0.0207448526849656,-0.1133273335365394,
40.90000000238069,35.61527601988804,-0.0103036848719075,0.0209006433394955,-0.1213687579554151,
41.000000002386514,35.60942976609429,-0.0479608906028114,0.020854274252333,-0.1611432077039855,
41.100000002392335,35.604614848966094,-0.0653190385846184,0.0208079051651704,-0.1640264052254804,
41.20000000239816,35.59737053000828,-0.0905904996912966,0.0212421375932182,-0.1603572484204903,
41.300000002403976,35.59824753073234,-0.0260959640737434,0.0217130678001776,-0.1496130172160728,
41.4000000024098,35.60280627683072,0.050631289679123,0.0222100942227342,-0.1292795936177142,
41.50000000241562,35.60455557100185,0.0517110007252758,0.0227454572606121,-0.127049892451378,
41.60000000242144,35.59879809972078,-0.0219147197235115,0.0232808202984899,-0.08526357489948,
41.70000000242726,35.597221364879225,-0.0464783321228428,0.0238650697053759,-0.0828045087990615,
41.80000000243308,35.59658593230742,-0.0367180065442997,0.0244533487941986,-0.0487955808832704,
41.9000000024389,35.602164910772686,0.0237007997636598,0.024741977748359,-0.0463493139707137,
42.00000000244472,35.61265179419584,0.0972209410917313,0.0245929075841663,-0.0481553571523033,
42.10000000245054,35.614552616558576,0.0755111735348332,0.0244438374199735,-0.0522629174943033,
42.20000000245636,35.609771571461344,0.0036447771896957,0.024409449820018,-0.0271921170257987,
42.30000000246218,35.6097107687502,-0.0120553992855878,0.0243852989034034,-0.0288047821249822,
42.400000002468005,35.60749915737652,-0.0505693251005714,0.0243786718287133,-0.0294546135806551,
42.50000000247383,35.624948861644235,0.0807406112613181,0.0243966733664486,-0.027981795561269,
42.600000002479646,35.63905364980505,0.126847493619642,0.0244146749041839,-0.0188605861571783,
42.70000000248547,35.65301806218919,0.1547860715320463,0.0247992641746199,0.0034996148901832,
42.80000000249129,35.65177178544772,0.0632189116748325,0.0252185313052863,0.0278465029135574,
42.90000000249711,35.642671830238605,-0.0541921369246002,0.0257008978829216,0.0342844033033439,
43.00000000250293,35.63485145666048,-0.1147030259063422,0.0262703026137205,0.0582040348431942,
43.10000000250875,35.64563119087894,0.0004523045279651,0.0268397073445193,0.0534204860857199,
43.20000000251457,35.65080258917052,0.0457971624310809,0.0260650949609732,0.0542954072661572,
43.30000000252039,35.66250852407643,0.1149136867157267,0.0251669946633783,0.0428571412357202,
43.40000000252621,35.66307293854218,0.0798762984931044,0.0244802273935865,0.0267352642392834,
43.50000000253203,35.65295710650851,-0.0453483194475656,0.0240994567935157,0.0406988055871285,
43.600000002537854,35.63562910817936,-0.1787643858873663,0.023718686193445,0.0430721522830547,
43.70000000254368,35.64629378555255,-0.0341786477710398,0.0233530406986802,0.070828501531971,
43.800000002549496,35.64503983172381,-0.0365550479738531,0.0229885240739516,0.0814906544442291,
43.90000000255532,35.66060466070027,0.1041227862116247,0.0228722928985472,0.0965186704085996,
44.00000000256114,35.65763282054276,0.0553607070735123,0.0231058875623762,0.0955046944490888,
44.10000000256696,35.64526445203376,-0.0721401056134177,0.0233394822262053,0.108810392083902,
44.20000000257278,35.632705357715295,-0.1404592638387581,0.0237178093917505,0.1680117466857527,
44.3000000025786,35.62862552064685,-0.1256416366762334,0.0241070853678084,0.186538706263676,
44.40000000258442,35.62346650991761,-0.0972172727304857,0.0242827203691328,0.1820011674866502,
44.50000000259024,35.617713897047324,-0.0536262770222192,0.0241515255786136,0.175785071877407,
44.60000000259606,35.60538651843566,-0.0566891994797483,0.0240203307880945,0.1779886557137684,
44.70000000260188,35.589888241995084,-0.0985810327370867,0.0236168977626281,0.168466728183614,
44.8000000026077,35.57055162914662,-0.1767947331992566,0.0231861859736633,0.1566899942122997,
44.90000000261352,35.5602339572259,-0.1638524869899792,0.0228886170354132,0.1461437012526269,
45.00000000261935,35.557902467909564,-0.088868724513905,0.0227739441375797,0.1362576214215503,
45.100000002625166,35.55543903336073,-0.0390241066642576,0.0226592712397463,0.1176396427899761,
45.200000002630986,35.55286200537703,0.0021341168281419,0.0228334363881451,0.1151430396713071,
45.30000000263681,35.539733323739945,-0.0691509710976328,0.0230312637985947,0.1025817359112867,
45.40000000264263,35.52794221679903,-0.1025604825044648,0.0229254636352398,0.1050973834266024,
45.50000000264845,35.51649435105909,-0.1319451478769501,0.0223861586841478,0.1008025951827151,
45.60000000265427,35.50819783544846,-0.1228811880970045,0.0218468537330559,0.0946583018084757,
45.70000000266009,35.500851772926715,-0.0868630809331926,0.0213130280778263,0.0721765610124516,
45.80000000266591,35.491522512681385,-0.0589771480555661,0.0207796274000483,0.0357558725030635,
45.90000000267173,35.468084896008456,-0.1483914462048823,0.0202140536096069,0.0249669003017452,
46.00000000267755,35.44077552103368,-0.2299537239080642,0.0196000159100234,-0.0008855912185508,
46.10000000268337,35.42459978449341,-0.2103673840668351,0.0189859782104399,-0.0161650651095403,
46.2000000026892,35.418557607680704,-0.1370546198952874,0.0185523203940133,-0.025303655164493,
46.300000002695015,35.4084930922028,-0.1116614921601133,0.0181355103417549,-0.0215852645835487,
46.40000000270084,35.388838676024925,-0.1356081142254815,0.0179746975614996,-0.0267943104410118,
46.500000002706656,35.362890037806324,-0.1925982571248414,0.0181770597128845,-0.0330308079498709,
46.60000000271248,35.339500078538215,-0.2204180618569839,0.0183794218642693,-0.023745224289925,
46.7000000027183,35.31971750532184,-0.218506124675128,0.0187100073197159,-0.0095465448959266,
46.80000000272412,35.303643828565605,-0.1922154055103894,0.0190522838489014,-0.0078510878944199,
46.90000000272994,35.302889195836634,-0.0499565414178939,0.0196174965866695,0.0097047891024491,
47.00000000273576,35.31432995401604,0.0734392707937571,0.0204817487724619,0.0205800584964522,
47.10000000274158,35.33181812168264,0.1420925289692702,0.0213460009582542,0.035177744886623,
47.2000000027474,35.34481690887844,0.1235032763826158,0.0216156697381901,0.0431286942228423,
47.30000000275322,35.33750041345104,-0.0197127399515741,0.0218295514544826,0.0547037192424625,
47.40000000275904,35.3190260165728,-0.13926157154029,0.0221187371090779,0.0578237663287152,
47.500000002764864,35.30587056822842,-0.1268779516441786,0.0225142306664469,0.0689601445415475,
47.600000002770685,35.30084516224957,-0.0549712682758809,0.0229097242238158,0.0948080197138749,
47.700000002776505,35.30183215636651,-0.0146013431439009,0.0225992304923271,0.1090548637304088,
47.800000002782326,35.30942384354866,0.0385183993148891,0.0222210246704957,0.0974262494475633,
47.90000000278815,35.30875142202867,-0.0157637574052019,0.0217409898425041,0.0884275810909669,
48.00000000279397,35.30619356604805,-0.0218879978071877,0.0211138775241685,0.0845856051363126,
48.10000000279979,35.30458460492781,-0.0066989631586623,0.0204867652058329,0.0883762609792707,
48.20000000280561,35.30939467485941,0.0437971464896789,0.0200089476378385,0.1014952359203398,
48.30000000281143,35.31898361723337,0.0879354143421795,0.0195431467053893,0.0664061978249416,
48.40000000281725,35.32904348905809,0.0912653548980273,0.0192295280943291,0.0624141852719249,
48.50000000282307,35.33353902762512,0.0490606553251841,0.0191434768890207,0.0553212388730503,
48.60000000282889,35.32675377475403,-0.0495685981931539,0.0190574256837123,0.058177728478414,
48.70000000283471,35.334449775434926,0.0332638723705829,0.0194397787060675,0.044053663459193,
48.80000000284053,35.3346508715756,0.0221856346514409,0.0198627743339409,-0.0270542256321063,
48.90000000284636,35.358330072270576,0.1563455945814779,0.020190610981509,-0.0752896436112471,
49.000000002852175,35.375679026937185,0.154795027473638,0.0203896099428466,-0.081830020133819,
49.100000002858,35.391140208628094,0.1414925364182692,0.0205886089041841,-0.0837597192270766,
49.20000000286382,35.38708330317613,0.0390019745653183,0.0211826116771466,-0.0820227852523239,
49.30000000286964,35.39150686517134,0.0501158706973943,0.0218157944321513,-0.071869957639887,
49.40000000287546,35.405550026838064,0.1176171660699429,0.0221108728511698,-0.0690157488710105,
49.50000000288128,35.42869288899666,0.1957094863001932,0.0219568173521065,-0.1118146829460094,
49.6000000028871,35.44481357953045,0.1553099719752869,0.0218027618530432,-0.1115911355104602,
49.70000000289292,35.45240582515334,0.1029850658416372,0.0219213002335218,-0.1276232931172913,
49.80000000289874,35.45532436215265,0.058988573519423,0.022064640719833,-0.1255812054462668,
49.90000000290456,35.460163389407846,0.0502730039958699,0.0219271428181587,-0.1170117568550837,
50.00000000291038,35.48572670111512,0.1731146971246801,0.0214178900092781,-0.1129536477971838,
50.10000000291621,35.50136086570996,0.1713186234713628,0.0209086372003974,-0.1158975009132263,
50.200000002922025,35.51575211905975,0.1609971736779961,0.0204152055351758,-0.1252625606847161,
50.300000002927845,35.52682186910631,0.130118402408681,0.0199229768214782,-0.1354055913956359,
50.40000000293367,35.53822118825724,0.1168494294144843,0.019831341982501,-0.1240800448128848,
50.50000000293949,35.5491680024058,0.105076962770522,0.0203080727020618,-0.1153947663178231,
50.60000000294531,35.55826536704495,0.0905418843281835,0.0207848034216227,-0.1113418463542151,
50.70000000295113,35.56583907039676,0.0951806348517689,0.0213947543365818,-0.1082755533853978,
50.80000000295695,35.572788785313655,0.0901809244255177,0.0220154107856289,-0.0875301426234059,
50.90000000296277,35.58752035032022,0.1353956411311339,0.0225633171782438,-0.0781904161532757,
51.00000000296859,35.60290160065685,0.141294791458776,0.0230066214152672,-0.0743836824837747,
51.10000000297441,35.611495908507656,0.0925365943262173,0.0234499256522907,-0.0597882114556401,
51.20000000298023,35.622698975757814,0.1007735612110394,0.0236030256121596,-0.0719396277073283,
51.30000000298605,35.63227037001008,0.1104528952580363,0.0237305554631565,-0.0588559059547676,
51.400000002991874,35.64694723195039,0.1482207248523606,0.02382720176233,-0.0633495206956351,
51.500000002997695,35.66133019463768,0.1501870105451739,0.0238815552333957,-0.0145472379384463,
51.60000000300352,35.66511013066227,0.0746430131145964,0.0239359087044615,-0.0204419288782599,
51.700000003009336,35.662401447205355,-0.0044306848242422,0.023300110674012,-0.012384161714294,
51.80000000301516,35.6631720903812,-0.0157137318057085,0.0225984589761149,-0.0056199700949184,
51.90000000302098,35.66898522388176,0.0246876779664485,0.0218736367440468,0.0036342461258179,
52.0000000030268,35.68388686508147,0.1123790025347934,0.021117523341104,0.0141370512415311,
52.10000000303262,35.69137500102162,0.102821144929731,0.0203614099381612,0.0195280980208969,
52.20000000303844,35.70196123826551,0.1102375895869292,0.020310073652295,0.0130401892882599,
52.30000000304426,35.70514030829412,0.0542202743740076,0.0203252388758082,0.0359900816718949,
52.40000000305008,35.7113157108717,0.0516411083777381,0.0204915469237461,0.0508874583059168,
52.5000000030559,35.72185594773003,0.0810457626838327,0.0208794653040302,0.0659902304300816,
52.60000000306172,35.73886480367653,0.1279803163171432,0.0212673836843144,0.0671077233021746,
52.70000000306754,35.754080453907264,0.1554235938310282,0.0214838868785859,0.0678319070702659,
52.80000000307336,35.75801665394693,0.0995119184448677,0.0216856317508593,0.1075574768593354,
52.90000000307919,35.751121964591306,-0.0002770571085972,0.0217832256249427,0.1220144123295547,
53.000000003085006,35.74153225029549,-0.067480714716829,0.0217318519978114,0.1146011669990002,
53.10000000309083,35.74486907425761,-0.0229079893335195,0.0216804783706802,0.1063013612992367,
53.20000000309665,35.750298916089704,0.0159240837466668,0.0213434029294207,0.1041383063995078,
53.30000000310247,35.75719215326749,0.058484971821318,0.0209802956797533,0.0710524541318973,
53.40000000310829,35.762001918450764,0.068854996038585,0.0207503065608464,0.0536083035545797,
53.50000000311411,35.76229516820334,0.0476190851488469,0.0207005848235472,0.0518168547910561,
53.60000000311993,35.75709580214639,-0.0196419539181486,0.020650863086248,0.0390568247128545,
53.70000000312575,35.75856785525172,-0.014387432752645,0.0208125778586857,0.0270520805918965,
53.80000000313157,35.75660338336842,-0.0342670853573944,0.0209954646293085,0.0154550567587664,
53.90000000313739,35.75467871887591,-0.0238091784405515,0.0212182418668453,-0.0099990999580661,
54.000000003143214,35.754281333798545,0.0040700727078329,0.0214971197425646,-0.0057906734392941,
54.10000000314904,35.757382701730755,0.0383560275690769,0.0217759976182839,-0.0377516836304426,
54.200000003154855,35.76120946159817,0.0434103724224248,0.0220080159466235,-0.0291561232913839,
54.30000000316068,35.75948871323117,-0.0170527482926909,0.0222353871985812,-0.092123608584971,
54.4000000031665,35.75628641649023,-0.049215142594971,0.0223075614039705,-0.1008776351308018,
54.50000000317232,35.756253129270355,-0.0268404582330501,0.0221745649883391,-0.0985930922045588,
54.60000000317814,35.766032441805194,0.0668060756573835,0.0220415685727077,-0.099533796436452,
54.70000000318396,35.78145392473394,0.1409723990629062,0.0212664979190566,-0.1053800368395055,
54.80000000318978,35.77326958494221,0.0100282239194035,0.0204389267804599,-0.0979567203468585,
54.9000000031956,35.75981816353688,-0.090745853257419,0.0196771924041127,-0.085990019474768,
55.00000000320142,35.750518469457404,-0.1058771337072528,0.0190091103838676,-0.0803212476865267,
55.10000000320724,35.747289307589995,-0.0702709773167126,0.0183410283636225,-0.0757813568779199,
55.20000000321306,35.74598187427659,-0.0352822192634446,0.0184033248126916,-0.0760038887215514,
55.30000000321888,35.741558589360686,-0.0299734387944395,0.0185203075777171,-0.0691294598185429,
55.400000003224704,35.736118529537784,-0.0297786247839728,0.0187040554375236,-0.0773718060185004,
55.500000003230525,35.72951376438142,-0.0336626315195509,0.0189826674561543,-0.0273291716374721,
55.600000003236346,35.726314101279414,-0.0407376446158551,0.0192612794747851,-0.0266781267636651,
55.70000000324217,35.7271719138762,-0.0281774357137945,0.0192654115222027,-0.0234039936770666,
55.80000000324799,35.72665590526008,-0.0260762166476134,0.0192464433580727,-0.0099060582677811,
55.90000000325381,35.72450475569682,-0.0282843223198698,0.019274304634555,0.0445565376007904,
56.00000000325963,35.72415359229404,-0.0010993813631763,0.0193658070070335,0.0530297247367159,
56.10000000326545,35.715522950902724,-0.0324356796642729,0.019457309379512,0.0465437644734967,
56.20000000327127,35.711495607690175,-0.035381439754059,0.0195207038881661,0.0783525591962286,
56.30000000327709,35.70746965080488,-0.052415245005358,0.0195817502147433,0.0830049360351342,
56.40000000328291,35.704966794281574,-0.0494790469021638,0.0195883836324449,0.0892721105476283,
56.50000000328873,35.71008145859163,0.0080153872609037,0.0195188605987654,0.0861202569387725,
56.60000000329456,35.71354645357402,0.0359676793593161,0.0194493375650859,0.0845845850502474,
56.70000000330037,35.711407964529926,0.0256996921949415,0.0196007529856149,0.096419822006761,
56.8000000033062,35.69859775415548,-0.0526561604406437,0.0197734301482962,0.1097266309365112,
56.900000003312016,35.68444882382639,-0.1167951875027933,0.01992459648875,0.1091541975584591,
57.00000000331784,35.675944676907,-0.1094544494744445,0.0200442595722532,0.109114908671472,
57.10000000332366,35.675298338004374,-0.0579536512537364,0.0201639226557565,0.1058044171425568,
57.20000000332948,35.67976337233766,0.0122074654529841,0.0200952793685664,0.1062677631479693,
57.3000000033353,35.6796350682721,0.0245241632855821,0.0200111993735854,0.0935645777868072,
57.40000000334112,35.67812320218782,0.0136585344954432,0.0199248130541081,0.0795211615620117,
57.50000000334694,35.671847101276015,-0.0450063910368008,0.0198351211596088,0.0645963745671041,
57.60000000335276,35.67024813808032,-0.0425324554725284,0.0197454292651095,0.0620118427640653,
57.70000000335858,35.665792951096066,-0.0641140116524418,0.0196422050866564,0.0460734997402802,
57.8000000033644,35.66771485147625,-0.013527065670719,0.0195378259432429,0.04520226712685,
57.900000003370224,35.666646874267656,0.007414053493748,0.0195592193465072,0.0522985753203432,
58.00000000337605,35.660293345501074,-0.0112310870331502,0.0197484151720797,0.0481465667871759,
58.100000003381865,35.647553758090275,-0.078414096619357,0.0199376109976522,-0.0043479890085518,
58.200000003387686,35.640457872715785,-0.08249183280945,0.0198349239894767,-0.1320616332105988,
58.30000000339351,35.63572291188886,-0.0687428640675886,0.0197002935915422,-0.1204273329358155,
58.40000000339933,35.634449180199184,-0.0311645074928992,0.0198239604672327,-0.1360347213889725,
58.50000000340515,35.630166179739206,-0.0248231002395023,0.0202952948272478,-0.1418776950385664,
58.60000000341097,35.62432540995132,-0.0197996384057169,0.0207666291872629,-0.1418591008035352,
58.70000000341679,35.62151456835425,-0.0355998736721486,0.021418712766564,-0.1360945658499812,
58.80000000342261,35.62250122425023,-0.0209914402618905,0.0220873843804132,-0.1130784184034819,
58.90000000342843,35.61688958748094,-0.0570754270593099,0.0222388889012445,-0.1049196713719586,
59.00000000343425,35.606591798805105,-0.0811403133070197,0.0216823826060095,-0.0883671157692117,
59.10000000344007,35.59919851332694,-0.0629922418917715,0.0211258763107745,-0.0911226870686067,
59.20000000344589,35.60070343820614,0.0042614415774089,0.0209642495203513,-0.070818733004204,
59.300000003451714,35.601349452889245,0.0099423754004529,0.0208345111657991,-0.074362379298808,
59.400000003457535,35.5982676509353,-0.0293453827590504,0.0207302814682751,-0.067105384540382,
59.50000000346336,35.593006834823775,-0.0629700141018973,0.0206625744765727,-0.0604809665028319,
59.60000000346918,35.58561840510297,-0.0712509518451985,0.0205948674848703,-0.0479982641668529,
59.700000003475,35.57057827529192,-0.1096640204859102,0.0196693336134392,-0.0482526555074239,
59.80000000348082,35.570242954633294,-0.024475753827518,0.0186755119592976,-0.0203709630507935,
